0.01405045021031015,
0.0,
0.05737485567587172,
0.310067880911291,
0.44210842228741515,
0.4682617063246207,
0.0,
0.02544251864565089,
0.8431327260682151,
0.3951746533396034,
0.5820014056892686,
0.5261001404257487,
0.332989497799991,
0.3809037527711201,
0.37489659255499147,
0.4678641479151124,
0.21256626694796033,
0.3677760272279134,
0.3253548333154332,
0.5278809997767039,
0.2245358653924107,
0.11500939204926847,
0.4294990387561956,
0.7526608315449479,
0.5495464113758995,
0.4289326078041677,
0.32028611840243354,
0.5350759173528113,
0.14837537987289445,
0.09481007135062353,
0.1331214065507961,
0.12903943863906964,
0.4522367074160642,
0.5788879240457127,
0.07230245971053556,
0.14302714816322876,
0.7807068574935563,
0.44660519155418854,
0.0,
0.4557394724419812,
