0.846198136324753,
0.8306675561189959,
0.6939593523878302,
0.6488211429827071,
0.6931815762339493,
0.6042197625634247,
0.8862292109401343,
0.8722764213600749,
0.9215932243523457,
0.37984529087275243,
0.3861388037245802,
0.5879706581364346,
0.7390071977729986,
0.6920054733912533,
0.38866204253855985,
0.751907616505127,
0.8281512424999169,
0.8398224034990582,
0.7898908989542262,
0.702993467539896,
0.6558639510462283,
0.710463561964993,
0.8421537653775278,
0.8203886002774416,
0.6828007578168105,
0.3239369263079209,
0.5157023990569128,
0.7892123948149028,
0.9808234676991375,
0.887552394170307,
0.869748620958389,
0.6323728481129773,
0.8823625607209219,
0.6897006042132328,
0.8182307423849412,
0.6352596600814452,
0.9623570101168921,
0.8264368514413059,
0.6768957512007618,
0.7702150967282931,
0.9387832887321962,
0.8567982597160845,
0.7092509823440223,
0.4487372174707649,
0.7138795217758552,
0.8982233396157511,
0.9892356710967901,
0.9103067945533965,
0.570121364332371,
0.7836878605134914,
0.4190155361430626,
0.9936102681915481,
0.7103804879015383,
0.8333894284698028,
0.771495078751006,
0.7043086092581217,
0.8322540719611511,
0.5064332750942676,
0.9575281152095512,
0.7021237502381137,
0.8130861220658072,
0.675546676088173,
0.48210851419763784,
0.8925208724653947,
0.6888947400684103,
0.471971624866577,
0.4314855841128207,
0.7882491255574395,
0.9950989945166603,
0.6645570213753158,
0.8930785745132287,
0.18624967370107426,
0.3604027239901779,
0.5031373315762129,
0.7276924430771925,
0.6849813090730394,
0.9307787837528281,
0.7913069527676007,
0.42515532330941685,
0.7672268962662303,
0.8326507765846609,
0.7781218926532307,
0.7219320024689595,
0.6532144252657918,
0.7470482301029604,
0.9353265240284391,
0.6780257011551624,
0.21662486556272598,
0.8785855006646971,
0.9513476114289687,
0.9654180966934115,
0.4705385468238435,
0.9984487254698184,
0.5126764266816846,
0.5953947559464423,
0.7866844133981126,
0.3920270792192848,
0.9933608105281951,
0.9731132537991853,
0.5260274562718483,


