0.846198136324753,
0.8306675561189959,
0.6939593523878302,
0.6488211429827071,
0.6931815762339493,
0.6042197625634247,
0.8862292109401343,
0.8722764213600749,
0.9215932243523457,
0.37984529087275243,
0.3861388037245802,
0.5879706581364346,
0.7390071977729986,
0.6920054733912533,
0.38866204253855985,
0.751907616505127,
0.8281512424999169,
0.8398224034990582,
0.7898908989542262,
0.702993467539896,
0.6558639510462283,
0.710463561964993,
0.8421537653775278,
0.8203886002774416,
0.6828007578168105,
0.3239369263079209,
0.5157023990569128,
0.7892123948149028,
0.9808234676991375,
0.887552394170307,
0.869748620958389,
0.6323728481129773,
0.8823625607209219,
0.6897006042132328,
0.8182307423849412,
0.6352596600814452,
0.9623570101168921,
0.8264368514413059,
0.6768957512007618,
0.7702150967282931
