0.9210947857788313,
0.7408942530467493,
0.9227033141764525,
0.8989487838602733,
0.7810163043421043,
0.7161462065563022,
0.7924901101708682,
0.9417369929825837,
0.9198993923498519,
0.7180461756702865,
0.5559547123662149,
0.6883311449147607,
0.4357543791165965,
0.8593125518382244,
0.5495185249666277,
0.5312043641946194,
0.9602502445888791,
0.11402856490974866,
0.6736971536703091,
0.651791042300078,
0.9667128360186966,
0.8590462181957331,
0.702818541176075,
0.5522234281967366,
0.8476099825566231,
0.8362429776842983,
0.6432171706097529,
0.600934190708766,
0.8031464801057235,
0.939154555176419,
0.9265983345481553,
0.8996492787910281,
0.7349121090943833,
0.8478256162379593,
0.7256447215246458,
0.5999208351250704,
0.565361398787394,
0.863616882695984,
0.6235232278473534,
0.3208561913326009,
0.709805464135709,
0.6649870729629206,
0.9340588071957138,
0.7806721216265241,
0.9155840732699252,
0.22852747143016172,
0.36692656342050456,
0.9554119896686819,
0.8520443422370744,
0.922266061856152,
0.831259667490454,
0.9821053461107919,
0.5607627336639237,
0.5638505320294942,
0.9054939355494749,
0.683631769252549,
0.5690071193798449,
0.9853909459874854,
0.7332882502209581,
0.9973799760883528,
0.8920918465056775,
0.962283374734335,
0.5751483560650736,
0.8732700911194426,
0.6545521749468481,
0.46600776663586724,
0.9805953883027871,
0.9301540338135235,
0.5226210043676571,
0.46643481597716674,
0.6429164342143303,
0.9994390369547083,
0.9810754437424254,
0.8882626643784146,
0.4592841159095869,
0.5937863037436182,
0.7778131782627323,
0.7685084031099907,
0.5128458602240107,
0.8050913258121184,
0.6053504405901757,
0.8816926152397593,
0.9524562675818407,
0.3426942811818492,
0.6239569936360201,
0.8719420304470981,
0.571591065223491,
0.9118970447369861,
0.7800616254508119,
0.9730854392329149,
0.8459301015050443,
0.8522047228009152,
0.7317015098592439,
0.8479318813333103,
0.7687195037820325,
0.46022745806678117,
0.9195343858262383,
0.9558396796411328,
0.911454015099215,
0.8757565102678638


