0.9210947857788313,
0.7408942530467493,
0.9227033141764525,
0.8989487838602733,
0.7810163043421043,
0.7161462065563022,
0.7924901101708682,
0.9417369929825837,
0.9198993923498519,
0.7180461756702865,
0.5559547123662149,
0.6883311449147607,
0.4357543791165965,
0.8593125518382244,
0.5495185249666277,
0.5312043641946194,
0.9602502445888791,
0.11402856490974866,
0.6736971536703091,
0.651791042300078,
0.9667128360186966,
0.8590462181957331,
0.702818541176075,
0.5522234281967366,
0.8476099825566231,
0.8362429776842983,
0.6432171706097529,
0.600934190708766,
0.8031464801057235,
0.939154555176419,
0.9265983345481553,
0.8996492787910281,
0.7349121090943833,
0.8478256162379593,
0.7256447215246458,
0.5999208351250704,
0.565361398787394,
0.863616882695984,
0.6235232278473534,
0.3208561913326009
