1,0.9210947857788313,
2,0.7408942530467493,
3,0.9227033141764525,
4,0.8989487838602733,
5,0.7810163043421043,
6,0.7161462065563022,
7,0.7924901101708682,
8,0.9417369929825837,
9,0.9198993923498519,
10,0.7180461756702865,
11,0.5559547123662149,
12,0.6883311449147607,
13,0.4357543791165965,
14,0.8593125518382244,
15,0.5495185249666277,
16,0.5312043641946194,
17,0.9602502445888791,
18,0.11402856490974866,
19,0.6736971536703091,
20,0.651791042300078,
21,0.9667128360186966,
22,0.8590462181957331,
23,0.702818541176075,
24,0.5522234281967366,
25,0.8476099825566231,
26,0.8362429776842983,
27,0.6432171706097529,
28,0.600934190708766,
29,0.8031464801057235,
30,0.939154555176419,
31,0.9265983345481553,
32,0.8996492787910281,
33,0.7349121090943833,
34,0.8478256162379593,
35,0.7256447215246458,
36,0.5999208351250704,
37,0.565361398787394,
38,0.863616882695984,
39,0.6235232278473534,
40,0.3208561913326009,
41,0.709805464135709,
42,0.6649870729629206,
43,0.9340588071957138,
44,0.7806721216265241,
45,0.9155840732699252,
46,0.22852747143016172,
47,0.36692656342050456,
48,0.9554119896686819,
49,0.8520443422370744,
50,0.922266061856152,
51,0.831259667490454,
52,0.9821053461107919,
53,0.5607627336639237,
54,0.5638505320294942,
55,0.9054939355494749,
56,0.683631769252549,
57,0.5690071193798449,
58,0.9853909459874854,
59,0.7332882502209581,
60,0.9973799760883528
