0.571394120091599,
0.43097171482783425,
0.6445005202005462,
0.5272401817251953,
0.5872159181762046,
0.6902667518005404,
0.4201467376536426,
0.48747765912920504,
0.4568606016786622,
0.8505581408200531,
0.19177431201603284,
0.6151032543527493,
0.49820939514838414,
0.5616717644255481,
0.5705533867575602,
0.5257601132559625,
0.549663440101751,
0.47556021441055996,
0.3500535994845939,
0.4228131151201497,
0.4996640704583978,
0.619913546208952,
0.739231461609938,
0.5126344410937348,
0.6187192537659834,
1.0,
0.6453134086600355,
0.24542952736473134,
0.19962726492318061,
0.41334763792176665,
0.3367533025821343,
0.6508321313867238,
0.4092516858912546,
0.3302715335022778,
0.3491568146010895,
0.3397065397365172,
0.8501786108250713,
0.28379440492684826,
0.4069813814104184,
0.7025348364182992,
0.5323676676190979,
0.1151324452566051,
0.6014544449617452,
0.8265216020853413,
0.48282232730073954,
0.23442453417122766,
0.2575395910737647,
0.7468896377368573,
0.5300285389683641,
0.5257925405792498,
0.49724566741874654,
0.6776900416640875,
0.3428814520460427,
0.5084128718408685,
0.6356899325025626,
0.5217954298144651,
0.14784015975248344,
0.6852998959968979,
0.7686282750261814,
0.8059081005038085,
0.7390473553844,
0.3357466495868135,
0.5652784511684941,
0.5159373275438536,
0.20884459291925173,
0.6345490004097373,
0.3687941262499588,
0.5550395983650882,
0.22176705981350847,
0.3475546040913166,
0.3936063445818233,
0.2450356363343847,
0.5796955417598799,
0.618167448336755,
0.19797499616810965,
0.609394669712721,
0.9009132319720932,
0.36113520636564833,
0.7195860314565053,
0.5115395264542538,
0.45547473452716747,
0.49789160456188464,
0.358801800911452,
0.5352903816763511,
0.5632880566052845,
0.19406272021709942,
0.547338595202488,
0.3317160713854257,
0.4995671597005148,
0.4443463165198178,
0.37825725024648477,
0.5085943001484761,
0.4693884394390549,
0.9290177549957629,
0.4471673284002698,
0.9291382662912282,
0.6380693974794541,
0.6674553829619206,
0.4611258332265217,
0.22095337725908076,
