0.571394120091599,
0.43097171482783425,
0.6445005202005462,
0.5272401817251953,
0.5872159181762046,
0.6902667518005404,
0.4201467376536426,
0.48747765912920504,
0.4568606016786622,
0.8505581408200531,
0.19177431201603284,
0.6151032543527493,
0.49820939514838414,
0.5616717644255481,
0.5705533867575602,
0.5257601132559625,
0.549663440101751,
0.47556021441055996,
0.3500535994845939,
0.4228131151201497,
0.4996640704583978,
0.619913546208952,
0.739231461609938,
0.5126344410937348,
0.6187192537659834,
1.0,
0.6453134086600355,
0.24542952736473134,
0.19962726492318061,
0.41334763792176665,
0.3367533025821343,
0.6508321313867238,
0.4092516858912546,
0.3302715335022778,
0.3491568146010895,
0.3397065397365172,
0.8501786108250713,
0.28379440492684826,
0.4069813814104184,
0.7025348364182992,
