0.6731084770042022,
0.8557141558397893,
0.6617623545800657,
0.6109875602851689,
0.30231919914607064,
0.8143830502664753,
0.8360577498404795,
0.6609703887733706,
0.8486902822193255,
0.7163936325364089,
0.7317874080121675,
0.8813843990544059,
0.8404130759125175,
0.9591349911096123,
0.9158765878451065,
0.617517635778175,
0.7231466936923094,
0.9784484579573479,
0.8787470247689201,
0.5550792268702153,
0.7515166938078389,
0.638513929657297,
0.7849903643449881,
0.7205218530946894,
0.9030651586128098,
0.5881628111336752,
0.6302781257963814,
0.7807696596296347,
0.9316854259650206,
0.9927443955104964,
0.9959613623008021,
0.8893792344202457,
0.9851729801027939,
0.4356574670340474,
0.40239445030243814,
0.8676617133342243,
0.9757602772135718,
0.9696878183489622,
0.4602766640261291,
0.9282895283287489,
0.6800334189174798,
0.5523193912434607,
0.8549697898559611,
0.8861553682250081,
0.7352019130253418,
0.8763165125299495,
0.2613148386555244,
0.8086503730104533,
0.7578943040500414,
0.8667201784246757,
0.5390700191805446,
0.8702216658877258,
0.6357912562719161,
0.6158610900832954,
0.6905036358570412,
0.8573832266840014,
0.7153384001024019,
0.6047634445756709,
0.9015878141152528,
0.12533973223024708,
0.7004768020695047,
0.9657116693472043,
0.714779193910308,
0.756091496456214,
0.9136815662314227,
0.8562817561535635,
0.25145659692953315,
0.9788920797471304,
0.8008142714743558,
0.8071472890250407,
0.3200353916751648,
0.278353521504479,
0.8340236543086021,
0.9143908119164967,
0.6066654413461677,
0.4458762205070015,
0.7757119880292487,
0.5531857538018343,
0.564314433713001,
0.5400841942426879,
0.7045157387590071,
0.8607276703341759,
0.7657223649315584,
0.8120417678922078,
0.7872935011319215,
0.5655290993509694,
0.8235702319238649,
0.6778694109658578,
0.6946952313675493,
0.6445491619780819,
0.8692457837812309,
0.8042137859542874,
0.6777259864622079,
0.41305122059997157,
0.6210430172783694,
0.8134823495804142,
0.655940329805718,
0.699529440715324,
0.8284624406647512,
0.8129692379444581
