0.6731084770042022,
0.8557141558397893,
0.6617623545800657,
0.6109875602851689,
0.30231919914607064,
0.8143830502664753,
0.8360577498404795,
0.6609703887733706,
0.8486902822193255,
0.7163936325364089,
0.7317874080121675,
0.8813843990544059,
0.8404130759125175,
0.9591349911096123,
0.9158765878451065,
0.617517635778175,
0.7231466936923094,
0.9784484579573479,
0.8787470247689201,
0.5550792268702153,
0.7515166938078389,
0.638513929657297,
0.7849903643449881,
0.7205218530946894,
0.9030651586128098,
0.5881628111336752,
0.6302781257963814,
0.7807696596296347,
0.9316854259650206,
0.9927443955104964,
0.9959613623008021,
0.8893792344202457,
0.9851729801027939,
0.4356574670340474,
0.40239445030243814,
0.8676617133342243,
0.9757602772135718,
0.9696878183489622,
0.4602766640261291,
0.9282895283287489
