1,0.6731084770042022,
2,0.8557141558397893,
3,0.6617623545800657,
4,0.6109875602851689,
5,0.30231919914607064,
6,0.8143830502664753,
7,0.8360577498404795,
8,0.6609703887733706,
9,0.8486902822193255,
10,0.7163936325364089,
11,0.7317874080121675,
12,0.8813843990544059,
13,0.8404130759125175,
14,0.9591349911096123,
15,0.9158765878451065,
16,0.617517635778175,
17,0.7231466936923094,
18,0.9784484579573479,
19,0.8787470247689201,
20,0.5550792268702153,
21,0.7515166938078389,
22,0.638513929657297,
23,0.7849903643449881,
24,0.7205218530946894,
25,0.9030651586128098,
26,0.5881628111336752,
27,0.6302781257963814,
28,0.7807696596296347,
29,0.9316854259650206,
30,0.9927443955104964,
31,0.9959613623008021,
32,0.8893792344202457,
33,0.9851729801027939,
34,0.4356574670340474,
35,0.40239445030243814,
36,0.8676617133342243,
37,0.9757602772135718,
38,0.9696878183489622,
39,0.4602766640261291,
40,0.9282895283287489,
41,0.6800334189174798,
42,0.5523193912434607,
43,0.8549697898559611,
44,0.8861553682250081,
45,0.7352019130253418,
46,0.8763165125299495,
47,0.2613148386555244,
48,0.8086503730104533,
49,0.7578943040500414,
50,0.8667201784246757,
51,0.5390700191805446,
52,0.8702216658877258,
53,0.6357912562719161,
54,0.6158610900832954,
55,0.6905036358570412,
56,0.8573832266840014,
57,0.7153384001024019,
58,0.6047634445756709,
59,0.9015878141152528,
60,0.12533973223024708
