0.551800534316943,
0.5648629235422998,
0.7255363882455638,
0.6843797448380334,
0.4868254304798153,
0.5077757895939282,
0.5009644076146784,
0.6875717006245717,
0.598082709690838,
0.41122974715509536,
0.49238389734247057,
0.6034157024876219,
0.8300640633739277,
1.0,
0.5919670937015946,
0.6304123689272699,
0.453336947482035,
0.7363954463671509,
0.4885162914942769,
0.7023440142381087,
0.47413222383849857,
0.7625668220033892,
0.08662450413396638,
0.25442228330496786,
0.6496759502039899,
0.49068043458767024,
0.2524966054765752,
0.6603870790241813,
0.652780910903392,
1.0,
0.7144074385027446,
0.8094403609977411,
0.8718077548790746,
0.4228248541447934,
0.41629498801136844,
0.42273756574889676,
0.7360686727936885,
0.7688071898742649,
0.6189708360009654,
0.8628124150107841,
0.5098371877929212,
0.734544694607993,
0.6520625937825408,
0.8469640541180783,
0.42236229858815044,
0.6760027252359753,
0.8027303780381041,
1.0,
1.0,
0.9005956376636746,
0.6956861680041073,
0.8849679101160367,
0.7855311878282647,
0.46675173714214674,
0.5497361937297647,
0.9850908266647203,
0.4371923225245656,
1.0,
0.8642869184587628,
0.48481872272317794,
