0.2566317482155533,
0.3239639603821717,
0.9229355265149294,
0.7021722474845156,
0.5834496758759168,
0.7216220166200679,
0.5053531323276792,
0.3998594416927894,
0.43617853497926784,
0.5543562056142398,
0.6529115036169699,
0.3393137211782561,
0.6533899073878473,
0.1601949704065166,
0.45779001560976323,
0.9103709171213121,
0.5471652281225192,
0.6515151608792271,
0.6261629855117068,
0.28626627283323214,
0.2923944792126223,
0.5026919446453398,
0.35888100369323295,
0.6362770784373328,
0.7237829260270784,
0.7011183580657332,
0.8558904315062753,
0.23968683646670685,
0.6104418241873422,
0.5248900187979196,
0.5309243334945156,
0.6750560532718717,
0.6443830758433602,
0.2966006863590202,
0.5574570054702799,
0.2901235848072211,
0.7206532736055149,
0.5961011185820024,
0.6353617693775815,
0.501092083569649,
