0.2566317482155533,
0.3239639603821717,
0.9229355265149294,
0.7021722474845156,
0.5834496758759168,
0.7216220166200679,
0.5053531323276792,
0.3998594416927894,
0.43617853497926784,
0.5543562056142398,
0.6529115036169699,
0.3393137211782561,
0.6533899073878473,
0.1601949704065166,
0.45779001560976323,
0.9103709171213121,
0.5471652281225192,
0.6515151608792271,
0.6261629855117068,
0.28626627283323214,
0.2923944792126223,
0.5026919446453398,
0.35888100369323295,
0.6362770784373328,
0.7237829260270784,
0.7011183580657332,
0.8558904315062753,
0.23968683646670685,
0.6104418241873422,
0.5248900187979196,
0.5309243334945156,
0.6750560532718717,
0.6443830758433602,
0.2966006863590202,
0.5574570054702799,
0.2901235848072211,
0.7206532736055149,
0.5961011185820024,
0.6353617693775815,
0.501092083569649,
0.2529909737854874,
0.29645257277899273,
0.5469291052926581,
0.27562024343169644,
0.5878074358318559,
0.3729422720379934,
0.43475089450767135,
0.7334134099298069,
0.43319223460629386,
0.9281942216824333,
0.7593476187585195,
0.47138932510572223,
0.3784541449141503,
0.9939446705299368,
0.5858104879112379,
0.7078201914614126,
0.6802894014777943,
0.49491031383396367,
0.3225096726682919,
0.24455020467078437,
0.4463215739035605,
0.6848588486970995,
0.43192767497351137,
0.19127605269145787,
0.7816014469974091,
0.0,
0.6292847483381057,
0.2452094206475362,
0.1017925896523284,
0.323794024174455,
0.416585901244761,
0.8265055975892714,
0.5029531755551527,
0.8435786572853474,
0.7242107808313288,
0.17322690261214868,
0.50610566518739,
0.8189029109006078,
0.7353308974847449,
0.7753310215944984,
