0.23385460536514652,
0.22119062818459673,
0.05805489205878883,
0.11472736578975024,
0.08370807787264492,
0.14297422416630803,
0.36607929195345856,
0.3021500536793606,
0.0,
0.19425473138425856,
0.3931928908589521,
0.2875110563077584,
0.48599269685897994,
0.008503050281198021,
0.612604584458472,
0.0,
0.420043683489182,
0.3685722837436406,
0.49034799987541655,
0.40046818542096,
0.1992141861679071,
0.22257942978052025,
0.5320460151772972,
0.3132179328314866,
0.3591970651587161,
0.0,
0.40891903401220536,
0.0,
0.28577995117065513,
0.6403078794168204,
0.20661554358366022,
0.6102998594764433,
0.5224544266498948,
0.3520113125981643,
0.1688658931445485,
0.4753832842567101,
0.16443747596232322,
0.37945287464733257,
0.05300077965972089,
0.25538484296675473,
