0.23385460536514652,
0.22119062818459673,
0.05805489205878883,
0.11472736578975024,
0.08370807787264492,
0.14297422416630803,
0.36607929195345856,
0.3021500536793606,
0.0,
0.19425473138425856,
0.3931928908589521,
0.2875110563077584,
0.48599269685897994,
0.008503050281198021,
0.612604584458472,
0.0,
0.420043683489182,
0.3685722837436406,
0.49034799987541655,
0.40046818542096,
0.1992141861679071,
0.22257942978052025,
0.5320460151772972,
0.3132179328314866,
0.3591970651587161,
0.0,
0.40891903401220536,
0.0,
0.28577995117065513,
0.6403078794168204,
0.20661554358366022,
0.6102998594764433,
0.5224544266498948,
0.3520113125981643,
0.1688658931445485,
0.4753832842567101,
0.16443747596232322,
0.37945287464733257,
0.05300077965972089,
0.25538484296675473,
0.1812260802205185,
0.20802533029831038,
0.4533791191376252,
0.2314723041201906,
0.0,
0.30523757327678935,
0.22106723460639,
0.5661940639805529,
0.530256258375665,
0.43846748795770274,
0.46040900229253345,
0.5062481630750177,
0.23405117682694782,
0.3522893774874626,
0.19507837545382933,
0.3955233846241911,
0.5530306006261411,
0.028903143189221436,
0.4128792621513238,
0.44210616970394434,
0.32924161228196297,
0.3846760341945747,
0.2531497355987222,
0.22503405517461283,
0.0,
0.4133282558431339,
0.64172310752299,
0.08550467581550741,
0.5448758985561941,
0.572694831286845,
0.25195243984411847,
0.6183370824064995,
0.5140187363113381,
0.06297459996952115,
0.549149114989652,
0.0,
0.31756485801065626,
0.1988182504854981,
0.40613516585620907,
0.29662883714137267,
