0.7561778279229577,
0.7759539953904891,
0.7625485219323349,
0.5922730322305567,
0.6889471078439606,
0.869610097314176,
0.7714438158694513,
0.6303714211933332,
0.6168539367065442,
0.7155187952631866,
0.9109215568449498,
0.560611288248618,
0.6882133688675224,
0.6562428904457429,
0.6532167324369694,
1.0,
0.5890733968161321,
0.8115674968799444,
0.84379084407197,
0.5724231555546339,
0.7682832745102736,
0.6920606607629582,
0.5149823718282609,
1.0,
0.6581742119143746,
0.4015057327061525,
0.9191492304195702,
0.8135613231853925,
0.7406398310470833,
0.6240653612616173,
0.6335377349840388,
0.6333627342326332,
0.5533348353685794,
0.41494353635449377,
0.9452763630933438,
0.8448820368962184,
1.0,
1.0,
0.5715044089332109,
0.750995342796529,
