0.7561778279229577,
0.7759539953904891,
0.7625485219323349,
0.5922730322305567,
0.6889471078439606,
0.869610097314176,
0.7714438158694513,
0.6303714211933332,
0.6168539367065442,
0.7155187952631866,
0.9109215568449498,
0.560611288248618,
0.6882133688675224,
0.6562428904457429,
0.6532167324369694,
1.0,
0.5890733968161321,
0.8115674968799444,
0.84379084407197,
0.5724231555546339,
0.7682832745102736,
0.6920606607629582,
0.5149823718282609,
1.0,
0.6581742119143746,
0.4015057327061525,
0.9191492304195702,
0.8135613231853925,
0.7406398310470833,
0.6240653612616173,
0.6335377349840388,
0.6333627342326332,
0.5533348353685794,
0.41494353635449377,
0.9452763630933438,
0.8448820368962184,
1.0,
1.0,
0.5715044089332109,
0.750995342796529,
0.03995451245428938,
0.4957537146407513,
1.0,
0.9855566046247497,
0.5778364917392428,
0.6573269169596235,
0.4462331894951346,
1.0,
0.6507129679437337,
0.781385279321176,
0.8295126780185271,
0.8656279066883142,
0.6468043505196395,
0.5748615121224955,
0.3528622167287835,
0.7359844160711937,
0.936763762962421,
0.8216010364481164,
0.6670422626245153,
0.5870543749317761,
0.5028739184605268,
0.3506489562977504,
0.7162396026308956,
0.5528504653571471,
0.7180587200532588,
0.6029838071572842,
0.5025397085211678,
0.8845008814648547,
0.6967519858467383,
0.5302437475316732,
0.6370367644006437,
0.8574412602179974,
0.5785746406679396,
0.7725784245195952,
0.6980014573023913,
0.3379021670826239,
0.3867460461059162,
0.9232662003443368,
0.5496215368393789,
0.776455239797927,
