0.3706554867741606,
0.3335734302771549,
0.6807493081869689,
0.24960773314728418,
0.2963877198630453,
0.6442968401767017,
0.338722924528175,
0.4111955615731541,
0.8150477528295681,
0.47167791915023327,
0.7359254254759926,
0.5595500038604516,
0.2200600676157115,
0.42780273225281007,
0.7164952910956454,
0.33868621907341784,
0.43538807687184466,
0.48201783451029867,
0.7987534769875687,
0.1727436447414461,
0.7537597672800009,
0.5240191252573824,
0.64230484910614,
0.4074205541656649,
0.003459689696553747,
0.5264288459268678,
0.45782817106382967,
0.6256338732844438,
0.5022707927280609,
0.19057658967137342,
0.4541491524195066,
0.9294311795144936,
0.25911047675572946,
0.3774733229418628,
0.650575453362534,
0.6834078687815384,
0.3756595254449792,
0.42126834318498085,
0.18398634200579317,
0.5095366283343977,
0.8316480523548511,
0.4575816533264551,
0.7317445085701308,
0.2005756766730284,
0.5580826757971982,
0.6811975043373085,
0.303589531712041,
0.2936455317618287,
0.5560744608828984,
0.6399963521104878,
0.3171358779974486,
0.7495812391087835,
0.721421145052365,
0.9041935129692211,
0.4659975406365241,
0.294045208881615,
0.09370455740762451,
0.09104380414671231,
0.489599755128631,
0.36451660262369856,
