0.19378858644607816,
0.3428180258864979,
0.12628235795868065,
0.3306538660334158,
0.48828587662073486,
0.12543697316820146,
0.09042509977515104,
0.0,
0.024725734984204162,
0.29269316094874753,
0.2972843005843703,
0.3577874547227597,
0.47122150944634184,
0.45082943448598084,
0.15403055527922907,
0.05036596680210234,
0.20829967751398423,
0.7293625695079382,
0.25415296238914326,
0.030023899747988414,
0.5581952095135451,
0.5099318283397745,
0.31136615644981075,
0.1549218702543261,
0.6069647972092223,
0.23976470412634032,
0.5062356212287045,
0.3729922316353794,
0.5176508393177804,
0.6795036899827297,
0.16832843544038742,
0.7262833659826651,
0.6389496068054916,
0.2274469708769613,
0.4666666373221707,
0.3782194541797404,
0.3772803419064096,
0.5274827432533689,
0.03158195275075315,
0.12827564032472089,
0.16169654182977575,
0.23025116174392796,
0.2030412089083177,
0.4551393955496785,
0.33511779824603,
0.35003968375601036,
0.2522234095853074,
0.31453356006594796,
0.7088390131490832,
0.22937971174063232,
0.3896230311851494,
0.4360865693544246,
0.34409000922607785,
0.37967133714441137,
0.3834460628505006,
0.28552867432369994,
0.22630566188381238,
0.1945458829094669,
0.24660040723594864,
0.0,
