0.8433378661079203,
0.6681344410124236,
0.638543735576632,
0.5223880748006927,
0.5437552657944513,
0.512083196099282,
0.6583587766567354,
0.7518210682495694,
0.6083023556959337,
0.6211140665814324,
0.5633211002400031,
0.4636040465082651,
0.7613755106538058,
0.5354890454936982,
0.7488522946024495,
0.851988370109175,
0.9797869577522702,
0.588861643374766,
0.6801639320743916,
0.5958316357318082,
0.7414419570319593,
0.6387557313213423,
0.5468184565184402,
0.8075137018331144,
0.8355097943185736,
0.5975295651749055,
0.8151563308541284,
0.46167287548044333,
0.4975256221322516,
0.599146211263335,
0.6461754405811817,
0.8707315329625724,
0.07599639855495399,
0.6565536990879114,
0.8663617786890392,
0.7275891489906644,
0.6247687153536976,
0.5084937575271823,
0.515211900220713,
0.48379980183558946,
