0.6987471937524548,
0.8071050115661873,
0.3934749531650972,
0.391457093970302,
0.331288904388357,
0.48544536028122137,
0.5102376439238316,
0.3426539416371215,
0.740618352454274,
0.6144055266073368,
0.35578256517175166,
0.03320600444335192,
0.6688757106169265,
0.7746595410845496,
0.5048833084212685,
0.39951300226754016,
0.438631075464729,
0.7115173284404563,
0.37782217010591435,
0.3215743106593947,
0.5228314087166755,
0.5115466149284065,
0.19360644576941854,
0.6675998421251117,
0.4652482178495068,
0.6903653458781154,
0.4958113604531472,
0.0,
0.2629513615599264,
0.556207106572078,
0.5054503249316352,
0.6014917777642047,
0.2346718402103769,
0.13332125386550397,
0.46026346090125186,
0.6827572854850757,
0.45050419773930267,
0.8403058872841992,
0.6941123563242025,
0.5001792800537385,
0.46617730859056095,
0.5065614511922326,
0.37535600463875507,
0.25406013295580754,
0.8907909161904883,
0.23790589460035877,
0.5279898408107312,
0.7000896540267944,
0.3762364239121383,
0.6784892844914339,
0.6714247443637261,
0.20760616442697544,
0.4678211765583349,
0.27021168756049274,
0.3447065194808212,
0.77030158553003,
0.5958467261858875,
0.43171955962570907,
0.5234216141179121,
0.5508915626830134,
0.3178887911955359,
0.6422388355225439,
0.44545031201947916,
0.3150919381573841,
0.4978470434957973,
0.19617667159577418,
0.7435422402789228,
0.559411849807202,
0.05159386546601874,
0.5034323300208212,
0.7728285088164761,
0.8885113295700147,
0.32622798197953495,
0.3904416737497316,
0.45504832066065226,
0.6596140577634648,
0.36957572664871147,
0.23851860115022183,
0.18272152907202227,
0.7231562714511877,
0.4536765962103157,
0.9392193446981613,
0.5490519991593023,
0.6662302312485561,
0.2128534521312722,
0.8259390838429623,
0.5850153696314816,
0.3200916165722335,
0.3592836302542357,
0.6446523646831559,
0.5303096652152272,
0.6949171957935748,
0.40019888045153806,
0.6239611199713444,
0.7808574586738302,
0.044959178988976944,
0.23377926343065647,
0.3660975935689799,
0.6523332357213555,
0.5188922192241965,
