0.6987471937524548,
0.8071050115661873,
0.3934749531650972,
0.391457093970302,
0.331288904388357,
0.48544536028122137,
0.5102376439238316,
0.3426539416371215,
0.740618352454274,
0.6144055266073368,
0.35578256517175166,
0.03320600444335192,
0.6688757106169265,
0.7746595410845496,
0.5048833084212685,
0.39951300226754016,
0.438631075464729,
0.7115173284404563,
0.37782217010591435,
0.3215743106593947,
0.5228314087166755,
0.5115466149284065,
0.19360644576941854,
0.6675998421251117,
0.4652482178495068,
0.6903653458781154,
0.4958113604531472,
0.0,
0.2629513615599264,
0.556207106572078,
0.5054503249316352,
0.6014917777642047,
0.2346718402103769,
0.13332125386550397,
0.46026346090125186,
0.6827572854850757,
0.45050419773930267,
0.8403058872841992,
0.6941123563242025,
0.5001792800537385,
