0.8602088362441915,
0.7687996592158524,
1.0,
0.5935683865115353,
0.9824476767724368,
0.5376407178587119,
0.52545612801211,
0.5500794198353385,
0.7817477418473782,
0.9742370099451836,
0.711980792494143,
0.40188630499240363,
0.7822386749717849,
0.7449724796462376,
0.6308912092690131,
0.7748557730712018,
0.6594725933130202,
0.5732386110439777,
0.32080680725098254,
0.5621107883878302,
0.05731922279820545,
0.6322323830153521,
0.4960883397687115,
0.6323909611391868,
1.0,
0.19619319948726088,
0.9071609312106061,
0.5912603485534879,
0.5531787050719112,
0.9523384748360788,
0.6214417408648276,
0.7013559857842474,
0.7004928205462888,
0.5723293674708075,
0.6581983535633394,
0.6743105938828338,
0.566465351598114,
0.8948300537657767,
0.8248119663500603,
0.6596437037487495,
