0.6735965059580464,
1.0,
0.5248744474014035,
0.2792394626327027,
0.6393497227142882,
0.6935902276426066,
0.6363008018576791,
0.5705113305816621,
0.598993711496828,
0.13512460770220847,
0.485926454112472,
0.41049420828500777,
0.5334765633002221,
0.18397824366963078,
0.4164492061753647,
0.5453738551191349,
0.3729254710908588,
0.33498378221367325,
0.8099705297374916,
0.6151805586381507,
0.23012289348159448,
0.36597969372020356,
0.5715632973274686,
0.6683845676082777,
0.14607119026680082,
0.584304740122097,
0.10263112047967349,
0.4273565788752794,
0.40113635910021406,
0.5368386833227571,
0.28924702397132396,
0.8765762900580986,
0.42282245043625705,
0.3486595001487097,
0.258896585846077,
0.4869682641855942,
0.355619930276988,
0.3066724504089542,
0.6416045811606588,
0.5514014810521967,
0.0,
0.18945435396411492,
0.3601334720629298,
0.5327113271985259,
0.55890428065221,
0.11214337282095355,
0.4398343601502402,
0.42626212112757916,
0.8162494857144564,
0.6355635880480672,
0.20913272081876394,
0.48343519908392396,
0.7751610051442386,
0.6745739657247425,
0.1315933599659953,
0.2887618398077657,
0.7207848581359425,
0.8282666361877911,
0.7755692105762044,
0.6217981750835218,
