0.1998545233465077,
0.5951444893559783,
0.19469107206516278,
0.3909413336046212,
0.25416290186682333,
0.27275798800246065,
0.438727169102193,
0.3601801125887838,
0.2935493796199137,
0.0,
0.11355347994583942,
0.6544113710881692,
0.24039315360841024,
0.706174024898422,
0.243408887980975,
0.314662232563119,
0.20264674729666754,
0.3888870736219056,
0.4583591854634736,
0.6703584092064931,
0.139744797171861,
0.24463196981115848,
0.14762490973544634,
0.5009119390740893,
0.564438419036418,
0.0,
0.23703589843026093,
0.25455030825000174,
0.5920110076326083,
0.5675195350608194,
0.0,
0.3623227299752992,
0.6560238681112265,
0.3212315349269573,
0.22132154292925993,
0.41246842880787654,
0.48958954258722687,
0.6409681037219501,
0.42307239499807303,
0.6783316582782946,
