0.1998545233465077,
0.5951444893559783,
0.19469107206516278,
0.3909413336046212,
0.25416290186682333,
0.27275798800246065,
0.438727169102193,
0.3601801125887838,
0.2935493796199137,
0.0,
0.11355347994583942,
0.6544113710881692,
0.24039315360841024,
0.706174024898422,
0.243408887980975,
0.314662232563119,
0.20264674729666754,
0.3888870736219056,
0.4583591854634736,
0.6703584092064931,
0.139744797171861,
0.24463196981115848,
0.14762490973544634,
0.5009119390740893,
0.564438419036418,
0.0,
0.23703589843026093,
0.25455030825000174,
0.5920110076326083,
0.5675195350608194,
0.0,
0.3623227299752992,
0.6560238681112265,
0.3212315349269573,
0.22132154292925993,
0.41246842880787654,
0.48958954258722687,
0.6409681037219501,
0.42307239499807303,
0.6783316582782946,
0.3098849543851018,
0.03569979872937695,
0.4223760955593495,
0.0263543344631767,
0.5394439189363366,
0.7226017913454174,
0.2577365041283656,
0.15680197715852348,
0.5605574158314872,
0.3279808002264426,
0.31960163095666827,
0.2642275306372067,
0.4465458349227459,
0.029740970612976037,
0.24480872636348738,
0.11056100980404657,
0.332476068277937,
0.46949793071264584,
0.6768762674518791,
0.15206869237018067,
0.1452439459654295,
0.030016336367930052,
0.28477943056548216,
0.0,
0.3673716651879895,
0.12134104988684283,
0.3720033228154125,
0.3375241221601428,
0.38784018383344354,
0.4209260049189172,
0.4997436820865675,
0.20193454181850218,
0.0,
0.19856853086672926,
0.1233090783852665,
0.30735871278922294,
0.4005920823376613,
0.061900560334159305,
0.19499835512053076,
0.2526096714687646,
