0.8280038717988873,
0.8433145810155127,
1.0,
0.49192807529720006,
0.6096964557205682,
0.82650422812968,
0.5985172738845297,
0.5021273827000384,
0.4388561715982194,
0.4595062109564742,
0.9829979879307813,
0.9252751380950011,
0.7163083311380387,
0.6442294460887359,
0.3997379458363204,
0.6822345667322203,
0.3815182884596681,
0.7387869534182668,
0.8666184696735897,
0.7396856204065135,
0.7796443457766443,
0.7913291235061651,
0.5060387024201811,
0.7748325705679096,
0.47766552804459506,
0.9514983924064162,
0.807996468574565,
0.49297622923305306,
0.7276466654652922,
0.4682580485099034,
0.6325034949591369,
0.5708781518851733,
0.8489112935070076,
0.5069510643924637,
0.8440453780718786,
0.7276446398309553,
0.9174186653512199,
0.9305515990171248,
0.35053661522640783,
0.734699768450742,
0.5160470955949068,
0.4705200051260957,
0.8084240156354088,
0.583339548784352,
0.8070559242598911,
1.0,
0.44251700072026506,
0.6772727700516038,
1.0,
0.934542151013347,
0.9598956656739319,
0.9334367457508949,
1.0,
0.6788325180832757,
0.7515476299518397,
0.6720268381625129,
0.8155283862659592,
0.6389348400565088,
0.7955416230414512,
0.792576139859723,
0.7525227968977528,
0.8787644449563737,
0.5093307992231356,
0.5590738337995014,
0.7990489929072416,
0.6142137514747811,
0.6593220130908152,
1.0,
0.23419299411572503,
0.9558882168741681,
0.6934983139031674,
0.7432445641894625,
0.4452210791710226,
0.46120189398782285,
0.4943931837451895,
0.8143604381345332,
0.6812884602977554,
1.0,
0.48748007535188576,
0.7005397869785931,
