0.5379488109285244,
0.19541953686165414,
0.5129205480751591,
0.3044525196807784,
0.3598529641965744,
0.5594904432416787,
0.5319815948006636,
0.23494374042190347,
0.20595525470858655,
0.2708202557381979,
0.4248633621048016,
0.44131531626621134,
0.22943283849142376,
0.3421385957085557,
0.5545778843927966,
0.4824608272294044,
0.1483322217168484,
0.1750179031839939,
0.1918807651407231,
0.1802738612277508,
0.6537617728049379,
0.0,
0.2898377744501647,
0.111304130860362,
0.3006257350004163,
0.13192200856008854,
0.25181268459737266,
0.29736501705404544,
0.21457450209354823,
0.009983200155123606,
0.49498051354725153,
0.1314746546436894,
0.3759715810370396,
0.6812593304537367,
0.040370692542028186,
0.632193609508582,
0.1983334230401727,
0.31643553497835597,
0.0,
0.06743431295912819,
