0.5379488109285244,
0.19541953686165414,
0.5129205480751591,
0.3044525196807784,
0.3598529641965744,
0.5594904432416787,
0.5319815948006636,
0.23494374042190347,
0.20595525470858655,
0.2708202557381979,
0.4248633621048016,
0.44131531626621134,
0.22943283849142376,
0.3421385957085557,
0.5545778843927966,
0.4824608272294044,
0.1483322217168484,
0.1750179031839939,
0.1918807651407231,
0.1802738612277508,
0.6537617728049379,
0.0,
0.2898377744501647,
0.111304130860362,
0.3006257350004163,
0.13192200856008854,
0.25181268459737266,
0.29736501705404544,
0.21457450209354823,
0.009983200155123606,
0.49498051354725153,
0.1314746546436894,
0.3759715810370396,
0.6812593304537367,
0.040370692542028186,
0.632193609508582,
0.1983334230401727,
0.31643553497835597,
0.0,
0.06743431295912819,
0.14394802166860673,
0.40182248884810196,
0.133646724462349,
0.24683995482620386,
0.32255751199188326,
0.15314272894065425,
0.24608338318369016,
0.3226948573782296,
0.22451263871971086,
0.12541935986213748,
0.5196585804626123,
0.24637966410788897,
0.3637710080062698,
0.28616531887838453,
0.10710167473304877,
0.194973860555071,
0.5934885305374666,
0.6026462106288399,
0.13052661764347884,
0.5767040997309315,
0.4360648737559747,
0.529761530748944,
0.0,
0.6845397207697799,
0.1659015769111063,
0.5845403358167468,
0.03287166867152258,
0.36812065773550134,
0.34317252668511483,
0.04103461888974658,
0.0,
0.3366300792082522,
0.4700832576024972,
0.7310716039579305,
0.49214561692415215,
0.6417420265920302,
0.07672450512161977,
0.0,
0.25674500835199315,
0.0,
