0.3309658889197376,
0.5081481179705133,
0.46557205575747984,
0.12979809606595588,
0.3943916706256552,
0.5033174832496,
0.12356494872246016,
0.44845183648014264,
0.08089216519633491,
0.22738469392308142,
0.5480001249803296,
0.35732096825757886,
0.5898938137804205,
0.1667268101238262,
0.14407971236666633,
0.3663726256264435,
0.09252043316509029,
0.2129706376882681,
0.09543730267000863,
0.15763399476728804,
0.1257235582511473,
0.0,
0.5077131083433754,
0.6929449654721496,
0.29148495235684624,
0.277155522087881,
0.3899711188380936,
0.42340211806790384,
0.6243919848679178,
0.28845179607859456,
0.029846857931117465,
0.17304067485429625,
0.40562369301643914,
0.21659668532067994,
0.2050510322060849,
0.09932877294712827,
0.05696621239919189,
0.6062983124714016,
0.5918813641639213,
0.281433440543163,
