0.3309658889197376,
0.5081481179705133,
0.46557205575747984,
0.12979809606595588,
0.3943916706256552,
0.5033174832496,
0.12356494872246016,
0.44845183648014264,
0.08089216519633491,
0.22738469392308142,
0.5480001249803296,
0.35732096825757886,
0.5898938137804205,
0.1667268101238262,
0.14407971236666633,
0.3663726256264435,
0.09252043316509029,
0.2129706376882681,
0.09543730267000863,
0.15763399476728804,
0.1257235582511473,
0.0,
0.5077131083433754,
0.6929449654721496,
0.29148495235684624,
0.277155522087881,
0.3899711188380936,
0.42340211806790384,
0.6243919848679178,
0.28845179607859456,
0.029846857931117465,
0.17304067485429625,
0.40562369301643914,
0.21659668532067994,
0.2050510322060849,
0.09932877294712827,
0.05696621239919189,
0.6062983124714016,
0.5918813641639213,
0.281433440543163,
0.36896298405795763,
0.1432216586057402,
0.030869020029591188,
0.036670361669283724,
0.1887980477664975,
0.35502683195722934,
0.5565840179442012,
0.5489298689290731,
0.5653626699858775,
0.08053993379626048,
0.3862694797133368,
0.3822860858850936,
0.042090563917075496,
0.34005586058753967,
0.37931451742364347,
0.22647963846935687,
0.20410903386394152,
0.2240738100865866,
0.06667055706445552,
0.18303318415866265,
0.35385710990661495,
0.0783975902169671,
0.42259125822799487,
0.5103620050262314,
0.43033101377452854,
0.5810152285881431,
0.5930173114632424,
0.34885230494999825,
0.41159365629866534,
0.33806726278834565,
0.7195828806424652,
0.3231013592168155,
0.2682383287709229,
0.29924415323527215,
0.3465589931526477,
0.32934600950779486,
0.2890035571978572,
0.31544942825196176,
0.6770801478356892,
0.28187759790876704,
