0.5050597485983844,
0.7763582820567603,
0.7035329517764978,
0.6818750453525801,
0.7223537413639803,
0.6791971581308092,
0.4610331061737212,
0.3520588546098246,
0.6300680331755311,
0.3882123360702172,
0.7134296624798874,
0.6815594914159326,
0.6696977980759597,
0.694872364902312,
0.7303581891678494,
0.7170509264423003,
0.6010053992675628,
0.6577823546133015,
0.5784175509677715,
0.7279168560988395,
0.7203644464368315,
0.6235651745101118,
0.9076467151544836,
0.7362346866920568,
0.8378013216175847,
0.5978116335044927,
0.5106132309249014,
0.6663114255668827,
0.709055722897888,
0.7266528779330814,
0.9497835972985696,
0.41279118452451063,
0.6913836933763817,
0.9442402243754402,
0.4854176693626041,
0.3538483104089555,
0.688731719281302,
0.7084644753720939,
0.807739998143504,
0.8009662788256487,
