0.539188058700523,
0.4959496087726709,
0.5489704280782226,
0.25824154418575634,
0.17971762812507522,
0.4427579922855185,
0.3561250984037427,
0.12074000743143545,
0.11003497373944585,
0.2665463343714363,
0.18637084785248006,
0.6179872989315063,
0.13568284750621631,
0.49273968878179586,
0.23158067795819326,
0.4890730642102076,
0.26393012414821104,
0.0,
0.5224461024506795,
0.3251688482017955,
0.1706902324661257,
0.5044037096750129,
0.0,
0.0,
0.24394535824423205,
0.253555835104488,
0.18485072040592504,
0.5422184136372631,
0.3269028646383199,
0.3737567939351576,
0.1632796176332669,
0.10624923796095306,
0.17843609806107666,
0.11020359363648938,
0.25765203234418704,
0.5967055062388614,
0.16031334410063616,
0.3906187052237975,
0.7245887383684688,
0.3931834521648331,
0.474627664061123,
0.34237956868829245,
0.342091092567161,
0.7336002934535979,
0.12411925199430013,
0.34145362949079705,
0.34120058350803273,
0.26485943533842654,
0.13956107870695905,
0.5144797108960821,
0.412596978771757,
0.5071188881621167,
0.37167807075216863,
0.0,
0.11872789111794152,
0.14524269032907527,
0.14492621965284797,
0.13875160427431035,
0.6842836217217864,
0.5176828603138767,
0.42784794467660814,
0.4790485901260921,
0.12458611400273706,
0.0,
0.07172335137698405,
0.06142012253603796,
0.18274125903678587,
0.32890426966491837,
0.34560640261849873,
0.20295991320565318,
0.31926982750983857,
0.24136287108752985,
0.4037258031182194,
0.4199553744407027,
0.5387742327670494,
0.47648138528476913,
0.42467149299742313,
0.32220282260289723,
0.29012313798650874,
0.24753847664927692,
