0.5013577006540891,
0.6338377754449054,
0.43346726851502565,
0.5969811148764017,
0.8976735394525225,
0.7546366923237479,
0.6730720874532087,
0.8780155312256295,
0.6487735777186601,
0.325287638386176,
0.5315669518423554,
0.6108359921307553,
0.8101124942851006,
0.6737639809986916,
0.6739615021596115,
0.8296515038170911,
0.6633477905680463,
0.03333172045464883,
0.7860703854452267,
0.5072037374557676,
0.5411682398095173,
0.6396799196176097,
0.8250053722096886,
0.944782947019913,
0.46639586794173166,
0.5556780735024974,
0.9140220188509359,
0.7609996121012084,
0.5757797081405378,
0.686485238507228,
0.6662084979794836,
0.9791521399143452,
0.5704801826903791,
0.7905065143450576,
0.5494517865129449,
0.9827413926959794,
0.04567810958461627,
0.6241640147139226,
0.7996558613034968,
0.7218831353905766,
0.6941874441116104,
0.851282157640948,
0.33147838783759154,
0.730383088134197,
1.0,
0.729693595759781,
0.5894773727969146,
0.8373803566183342,
0.5801139932204797,
0.5925846920058349,
0.3457401365495272,
0.42145124722068555,
0.8305699392271221,
0.8264396611883862,
0.6000678044669197,
0.32016755564528654,
0.8037129749828392,
0.35255588187220543,
0.3297611514054297,
0.897713747060298,
