0.9593077244286186,
0.6359654624782952,
0.5487862588436682,
0.8282417450036558,
0.8121424352538057,
0.4757349448864455,
0.6587880399636981,
0.7489059443714133,
0.7388470039186169,
0.6917512848758489,
0.8074677423889369,
0.722831018280474,
0.437569829290553,
0.8585087946080618,
0.6750732678214033,
0.5823055765982623,
0.8356546479645431,
0.747090026177613,
0.9919062533660772,
0.9981844929481679,
0.3539663433468349,
0.5894831376219357,
0.46006532474281747,
0.5563555020841185,
0.691456261425199,
0.7331811874929867,
0.7088473692860526,
0.4199119587999423,
0.31515699047031026,
0.803168138017647,
0.6045956105830715,
0.49219631116912604,
0.4822025783984035,
0.8771962296523805,
0.40796065186742475,
0.38358121745486823,
1.0,
0.9571592208333202,
0.7993283069387478,
0.5139583449700498,
