0.9593077244286186,
0.6359654624782952,
0.5487862588436682,
0.8282417450036558,
0.8121424352538057,
0.4757349448864455,
0.6587880399636981,
0.7489059443714133,
0.7388470039186169,
0.6917512848758489,
0.8074677423889369,
0.722831018280474,
0.437569829290553,
0.8585087946080618,
0.6750732678214033,
0.5823055765982623,
0.8356546479645431,
0.747090026177613,
0.9919062533660772,
0.9981844929481679,
0.3539663433468349,
0.5894831376219357,
0.46006532474281747,
0.5563555020841185,
0.691456261425199,
0.7331811874929867,
0.7088473692860526,
0.4199119587999423,
0.31515699047031026,
0.803168138017647,
0.6045956105830715,
0.49219631116912604,
0.4822025783984035,
0.8771962296523805,
0.40796065186742475,
0.38358121745486823,
1.0,
0.9571592208333202,
0.7993283069387478,
0.5139583449700498,
0.8075443321259733,
0.5402669395911204,
0.6452059640325298,
0.5391365962184402,
0.8043997877757492,
0.5708680743596837,
0.5851746734731584,
0.8534609516747572,
1.0,
0.8757643782837887,
0.7533739229810751,
0.6062446395106378,
0.6929764609168684,
0.20797280247118083,
0.7484835566799364,
0.9656440502629161,
0.8281485114435243,
0.6866545600812133,
0.8009263965387949,
0.6019090217682195,
0.8525818354648954,
0.499543039341795,
0.9749712635698434,
0.8017777187803756,
0.6199387303183129,
0.5842243239025755,
1.0,
0.8726358690915349,
0.9215326757671121,
1.0,
0.297499256402854,
0.5977740439571162,
0.78614482135022,
0.47826314356779165,
1.0,
0.7621164641133472,
0.48954119519903605,
0.8976763533493959,
0.7116199548687043,
0.8608664186692779,
