0.3789518749282528,
0.5148190587493339,
0.5548246868778519,
0.5411609146046186,
0.27800689635677045,
0.3625841344076134,
0.6100888356481564,
0.3595824463222351,
0.39134498583530175,
0.7631488117097422,
0.4745250831400578,
0.6926472190811177,
0.5463635392802628,
0.5730863880498862,
0.529535434594711,
0.4123829591847026,
0.5506480211373875,
0.20892324923766115,
0.024028360671897786,
0.1934894686021037,
0.36558685545477654,
0.8145125878367915,
0.6148055382025122,
0.6544791951804203,
0.43840356542254166,
0.6672835467899217,
0.5844892374335003,
0.8187350905891642,
0.21679944670102014,
0.6200973988431381,
0.6316752143284361,
0.38937909391464404,
0.648566464304086,
0.4706409792475319,
0.8772692142480232,
0.0,
0.08222529547519891,
0.5440511919482811,
0.22364757927386708,
0.23121407055992654,
