0.3059810205318987,
0.27923893486160795,
0.501589914452902,
0.5015939432612992,
0.6121123433106981,
0.5800251879995262,
0.7822784707949115,
0.3674141267401457,
0.3937476663324172,
0.6143311175341146,
0.24634240061636598,
0.5128533629849865,
0.06335104920375306,
0.608645283742014,
0.5722208727978824,
0.24456433172606845,
0.7404975742193791,
0.5179521270950264,
0.8051374910283626,
0.6467393201623689,
0.17616322705934095,
0.17931097590488476,
0.39375589694405705,
0.496006430854766,
0.4530808791919568,
0.6506333012669634,
0.4068199001299737,
0.3805577988161405,
0.2661132622227803,
0.45565639738057906,
0.6648165724265473,
0.37904531093389654,
0.7086673976412644,
0.3985053954835109,
0.6153477054376072,
0.48466511140697044,
0.5076363485234533,
0.4102691065073579,
0.4019540695764562,
0.7513809832119536,
