0.3059810205318987,
0.27923893486160795,
0.501589914452902,
0.5015939432612992,
0.6121123433106981,
0.5800251879995262,
0.7822784707949115,
0.3674141267401457,
0.3937476663324172,
0.6143311175341146,
0.24634240061636598,
0.5128533629849865,
0.06335104920375306,
0.608645283742014,
0.5722208727978824,
0.24456433172606845,
0.7404975742193791,
0.5179521270950264,
0.8051374910283626,
0.6467393201623689,
0.17616322705934095,
0.17931097590488476,
0.39375589694405705,
0.496006430854766,
0.4530808791919568,
0.6506333012669634,
0.4068199001299737,
0.3805577988161405,
0.2661132622227803,
0.45565639738057906,
0.6648165724265473,
0.37904531093389654,
0.7086673976412644,
0.3985053954835109,
0.6153477054376072,
0.48466511140697044,
0.5076363485234533,
0.4102691065073579,
0.4019540695764562,
0.7513809832119536,
0.4101301986395018,
0.43876361105729855,
0.25759874252838755,
0.3576288883124257,
0.4057037511867593,
0.5246730455581716,
0.7214034948985508,
0.35988746419905965,
0.22291883510416488,
0.8807297822360318,
0.2140979225651119,
0.35906857284405613,
0.7660404996447147,
0.7961673943975778,
0.6092581042226521,
0.40618937540411654,
0.5605268449230587,
0.5363768417364043,
0.4790438133995197,
0.6210205482329294,
0.5809075269132031,
0.29936403819549007,
0.5457536229929714,
0.21465162858721376,
0.707254583563194,
0.6382748513063085,
0.764122982962846,
0.4288870059083526,
0.5263982130925234,
0.4054982997541371,
0.5530610443880379,
0.36024650755468535,
0.547121780639609,
0.726170356184106,
0.3766364527555721,
0.6140827024800682,
0.8024780306683041,
0.3818895568325755,
0.18232288933051266,
0.027337011632535102,
