0.9462495912860349,
0.7859908707888932,
1.0,
0.4112421725415196,
0.6652533641317788,
0.9466745853217239,
0.7804506614456657,
0.4201599095114951,
0.8046888999443125,
0.3712829096529963,
0.8826446479049483,
1.0,
0.5830321129295917,
0.4691734993662753,
0.5520445624630325,
0.46588514604941145,
0.5645864603682986,
0.8658715684925344,
0.7412782952534265,
0.625757199832838,
0.43436186021349293,
0.20537038154607185,
0.6445575733642023,
0.5925906964086297,
0.46854141355005874,
0.813009424589018,
0.8028499012663488,
0.4034494981246071,
0.8086762333792717,
0.9610867290255802,
0.6455560381111598,
0.4512088428206639,
0.850075922859755,
0.47272258357486163,
0.8440636679153103,
1.0,
0.5886299183813987,
0.7158081368150766,
0.8173777460193206,
0.7726027332067562,
0.7176491456722971,
0.46525051432044606,
0.8861396030995506,
0.7514128672949872,
0.802179426952616,
0.8516877247007453,
0.4028977728096414,
0.9527037261219662,
0.6905426678187301,
0.3768907417496069,
0.7137281758275171,
0.7061621103388307,
0.5606244800479624,
0.8451761772009576,
0.8599481476745513,
1.0,
0.7803401193630477,
0.6164351216765711,
0.40954967185350594,
0.8219816614639166,
0.8246269989052567,
0.5377406252696367,
0.9704133288537333,
0.6227925675150251,
0.9261810022336491,
0.8092855172783107,
0.5943157704181037,
0.6277815181462313,
0.7452838785899266,
0.7652937179965352,
0.7377861642666401,
0.8003923113372811,
0.36828738112866716,
0.9666249742433494,
0.5200588178448227,
0.7002637636838672,
0.4699857014766915,
0.8051851090333816,
0.6839098493630968,
1.0,
0.3726955005001691,
0.9405546123889678,
1.0,
0.485481187718095,
0.7749619561890967,
0.6580552936831301,
0.36155859465823065,
0.5580367118337095,
0.975551258544732,
1.0,
0.9227401202746086,
0.6717877943970216,
0.6621780299645869,
0.5508967868283728,
0.5395510052136909,
0.8535557446992874,
0.5347057759705999,
0.9896889979441759,
0.8878853631155605,
0.7786542131281582,
