0.9462495912860349,
0.7859908707888932,
1.0,
0.4112421725415196,
0.6652533641317788,
0.9466745853217239,
0.7804506614456657,
0.4201599095114951,
0.8046888999443125,
0.3712829096529963,
0.8826446479049483,
1.0,
0.5830321129295917,
0.4691734993662753,
0.5520445624630325,
0.46588514604941145,
0.5645864603682986,
0.8658715684925344,
0.7412782952534265,
0.625757199832838,
0.43436186021349293,
0.20537038154607185,
0.6445575733642023,
0.5925906964086297,
0.46854141355005874,
0.813009424589018,
0.8028499012663488,
0.4034494981246071,
0.8086762333792717,
0.9610867290255802,
0.6455560381111598,
0.4512088428206639,
0.850075922859755,
0.47272258357486163,
0.8440636679153103,
1.0,
0.5886299183813987,
0.7158081368150766,
0.8173777460193206,
0.7726027332067562,
