0.9462495912860349,
0.7859908707888932,
1.0,
0.4112421725415196,
0.6652533641317788,
0.9466745853217239,
0.7804506614456657,
0.4201599095114951,
0.8046888999443125,
0.3712829096529963,
0.8826446479049483,
1.0,
0.5830321129295917,
0.4691734993662753,
0.5520445624630325,
0.46588514604941145,
0.5645864603682986,
0.8658715684925344,
0.7412782952534265,
0.625757199832838,
0.43436186021349293,
0.20537038154607185,
0.6445575733642023,
0.5925906964086297,
0.46854141355005874,
0.813009424589018,
0.8028499012663488,
0.4034494981246071,
0.8086762333792717,
0.9610867290255802,
0.6455560381111598,
0.4512088428206639,
0.850075922859755,
0.47272258357486163,
0.8440636679153103,
1.0,
0.5886299183813987,
0.7158081368150766,
0.8173777460193206,
0.7726027332067562,
0.7176491456722971,
0.46525051432044606,
0.8861396030995506,
0.7514128672949872,
0.802179426952616,
0.8516877247007453,
0.4028977728096414,
0.9527037261219662,
0.6905426678187301,
0.3768907417496069,
0.7137281758275171,
0.7061621103388307,
0.5606244800479624,
0.8451761772009576,
0.8599481476745513,
1.0,
0.7803401193630477,
0.6164351216765711,
0.40954967185350594,
0.8219816614639166,
