0.6332952984140829,
0.7723198803804041,
0.7535348762521652,
0.795322551197249,
0.45621065395120874,
0.6409387071614405,
0.5846322178060009,
0.6872436005025921,
0.6702064559853043,
0.7309170959367562,
0.8751702953877623,
0.975009944642989,
0.8170119845061692,
0.8830871064484367,
0.703925896724692,
0.8235431672057277,
0.4587002379738638,
0.7608870814371012,
0.5813659929759272,
0.5852848447393647,
0.6355576523490732,
0.5363068466241905,
0.8285436929639228,
0.6193538172721652,
0.8468888202714292,
0.7058964107488387,
0.5733284344491755,
0.501352013353657,
1.0,
0.8017992565233037,
0.3915170751081489,
0.729716472859728,
1.0,
0.7258043923751492,
0.6716099167891597,
0.7035220780649063,
0.6895489212382091,
0.7379576395597209,
0.5657886043132461,
0.49141871360392153,
0.7038646606310567,
0.34520413210723505,
0.703510804336453,
0.693569059521305,
0.6547915927459556,
0.7969582482040724,
0.5886375544383733,
0.6232016782586552,
0.6410393956236909,
0.772714550194231,
0.7603732828327603,
0.8082645439634046,
0.6438814432437246,
0.7396692241443006,
0.32618277519098304,
0.3630351535995156,
0.8434930857397022,
0.5578092170463551,
0.7958950729650741,
0.5695481069708478,
0.5479775199999392,
0.665169301646584,
0.9639191711759889,
0.6365457592679957,
0.7203379721952915,
0.6839100378432806,
0.8964293669572596,
0.44731925809954304,
0.3374939513156661,
0.4078240093611401,
0.8673874058870606,
0.5575839022287068,
0.5940593799332747,
0.6953215111763662,
0.7762699229406562,
0.77399218772674,
0.4952258737440395,
0.8854374523535371,
0.5981811390268252,
0.6015525327914384,
0.9051856246013869,
0.4724993317961945,
0.7646839908426976,
0.9433736578363356,
0.5831317730639047,
0.9043750389496797,
0.6609917900960055,
0.9371350771278919,
0.6043846520047621,
0.745517706207616,
0.6888321179812963,
0.8914620188765998,
0.8018677529609463,
0.6635887014751657,
0.6557889911661199,
0.7595983527826411,
0.7567198377148432,
0.7189646185654897,
0.47263991808853156,
0.6788839162120537,
