0.6332952984140829,
0.7723198803804041,
0.7535348762521652,
0.795322551197249,
0.45621065395120874,
0.6409387071614405,
0.5846322178060009,
0.6872436005025921,
0.6702064559853043,
0.7309170959367562,
0.8751702953877623,
0.975009944642989,
0.8170119845061692,
0.8830871064484367,
0.703925896724692,
0.8235431672057277,
0.4587002379738638,
0.7608870814371012,
0.5813659929759272,
0.5852848447393647,
0.6355576523490732,
0.5363068466241905,
0.8285436929639228,
0.6193538172721652,
0.8468888202714292,
0.7058964107488387,
0.5733284344491755,
0.501352013353657,
1.0,
0.8017992565233037,
0.3915170751081489,
0.729716472859728,
1.0,
0.7258043923751492,
0.6716099167891597,
0.7035220780649063,
0.6895489212382091,
0.7379576395597209,
0.5657886043132461,
0.49141871360392153,
