0.8674541184245732,
0.6931097264353495,
1.0,
0.6348764752991912,
0.6579853569203831,
1.0,
0.7891225533995322,
0.4082631751987914,
0.22162216225547882,
0.407641599694692,
0.7877828259515031,
0.6997248480760775,
0.2948721555103648,
0.7230245917740005,
0.542107429872915,
0.9137395653459288,
0.6321126387193169,
0.4546202595285457,
0.7285868369842561,
1.0,
0.11799579415001615,
0.750689974023013,
0.6137131708860791,
0.658736501218648,
0.6821921728192192,
0.3897665391874565,
0.8307781041742849,
0.7731249172673925,
1.0,
0.5384968587418709,
0.8555289856401938,
0.696317585807455,
0.23299539703797106,
0.8464216755345895,
0.9037560370273099,
0.6962923274868329,
0.4473569797849424,
0.5415326695795424,
0.44857425958212416,
0.7077893514006308,
0.6836283073435955,
0.4826781174733291,
0.9227711406762079,
0.7004890128961808,
0.7607756911194946,
0.8999999371370169,
0.5610172206872012,
0.4959657351338442,
0.7118548012639302,
0.49081436253622435,
0.853673309597336,
0.2746205268028761,
0.982613691302276,
0.8398285601245233,
0.8778049659745547,
0.8707137853955149,
0.533881302445379,
0.7011509424887855,
0.2742677948330191,
0.4262439801093507,
0.6472413432133781,
0.7521954047303243,
1.0,
0.7065330135332694,
0.6297348613649679,
0.9673891305555417,
0.9599029779058244,
0.8759155146307867,
0.6036139215371085,
0.5703771172460252,
0.9836784778522842,
0.6881488488531355,
0.6163675707608529,
1.0,
0.4498079438164411,
0.3476845178941004,
0.6129523913645003,
0.8670329219380976,
0.8353195065463371,
0.707549805437941,
0.8433920473038398,
0.4017417209725482,
0.6076891699527087,
0.6454644130033733,
0.784352817220088,
0.588197426842533,
0.2498521841279966,
0.5120046744292526,
0.8079357122044128,
1.0,
0.653296410572854,
0.7970066963862569,
0.7461253730769406,
0.5488309007344929,
0.6897348951900556,
0.6138213746166057,
0.43277202202039416,
0.6736898622675757,
0.6105773245602076,
0.7077103859024153,
