0.8674541184245732,
0.6931097264353495,
1.0,
0.6348764752991912,
0.6579853569203831,
1.0,
0.7891225533995322,
0.4082631751987914,
0.22162216225547882,
0.407641599694692,
0.7877828259515031,
0.6997248480760775,
0.2948721555103648,
0.7230245917740005,
0.542107429872915,
0.9137395653459288,
0.6321126387193169,
0.4546202595285457,
0.7285868369842561,
1.0,
0.11799579415001615,
0.750689974023013,
0.6137131708860791,
0.658736501218648,
0.6821921728192192,
0.3897665391874565,
0.8307781041742849,
0.7731249172673925,
1.0,
0.5384968587418709,
0.8555289856401938,
0.696317585807455,
0.23299539703797106,
0.8464216755345895,
0.9037560370273099,
0.6962923274868329,
0.4473569797849424,
0.5415326695795424,
0.44857425958212416,
0.7077893514006308,
