0.2101980678468769,
0.37127305986153963,
0.37290008417972764,
0.09806522314273905,
0.050447308088699155,
0.03242868779754021,
0.0,
0.21521279502057233,
0.23597311442592467,
0.34118795598198276,
0.5487800641147005,
0.2992189123328221,
0.4375699044182634,
0.3288036884679813,
0.4336257071867936,
0.24286554342545044,
0.0,
0.3905130607529551,
0.320979700561271,
0.4764207463242107,
0.5121792634946507,
0.3157198786340111,
0.2356361666408444,
0.7130031328888948,
0.4831811215504113,
0.7884385374885936,
0.0,
0.6027320261538183,
0.3079558184842321,
0.18056342166421974,
0.0,
0.19962311274534286,
0.5542584186999155,
0.40098016010858567,
0.6368952745213177,
0.2592623195708352,
0.2820871615854511,
0.3938249627199781,
0.024420738680334397,
0.2124804616753191,
0.3983888929280025,
0.3084848589904125,
0.08820833829985306,
0.0,
0.4209056262964716,
0.012962076811202428,
0.2338681860397841,
0.28457369986127967,
0.09609287202418099,
0.7275925953833756,
0.1626989556828764,
0.3477608655616785,
0.1431335022593359,
0.1734950146800467,
0.2978968625057405,
0.6184910514396615,
0.682688392852144,
0.6188881085543636,
0.24791629704008747,
0.06110703563792105,
0.14230801154557265,
0.45270106578549973,
0.21819531423652905,
0.00677089917344853,
0.12058069552214964,
0.40636228706562105,
0.3859168024692563,
0.3479587841180386,
0.13686648855044628,
0.48880495513922695,
0.13725473209673408,
0.5070998021677574,
0.2086143584878699,
0.21696296042668242,
0.16656896256236428,
0.43223239694864746,
0.5799252520041538,
0.21833152887746765,
0.3536096253002717,
0.10996854886758231,
0.0881602531624161,
0.7744386439751416,
0.2049992669538612,
0.23934634114054648,
0.33953622692484353,
0.6975116226857625,
0.03964428028869488,
0.0,
0.5390165930672306,
0.09744278611653817,
0.5269530066686546,
0.34993363894077384,
0.4181707486014874,
0.36298259412074685,
0.10419781750748308,
0.6497441818661189,
0.37391781042466476,
0.5240880332344583,
0.14505476881299528,
0.25695754074977467,
