0.2101980678468769,
0.37127305986153963,
0.37290008417972764,
0.09806522314273905,
0.050447308088699155,
0.03242868779754021,
0.0,
0.21521279502057233,
0.23597311442592467,
0.34118795598198276,
0.5487800641147005,
0.2992189123328221,
0.4375699044182634,
0.3288036884679813,
0.4336257071867936,
0.24286554342545044,
0.0,
0.3905130607529551,
0.320979700561271,
0.4764207463242107,
0.5121792634946507,
0.3157198786340111,
0.2356361666408444,
0.7130031328888948,
0.4831811215504113,
0.7884385374885936,
0.0,
0.6027320261538183,
0.3079558184842321,
0.18056342166421974,
0.0,
0.19962311274534286,
0.5542584186999155,
0.40098016010858567,
0.6368952745213177,
0.2592623195708352,
0.2820871615854511,
0.3938249627199781,
0.024420738680334397,
0.2124804616753191,
