0.1358734355618199,
0.39605711934634535,
0.4446168257579245,
0.5058650815927543,
0.4029483517962208,
0.0,
0.2816936601800305,
0.1399204565574152,
0.3825878703859822,
0.0,
0.1944295555448013,
0.24644951953866306,
0.46178632961861077,
0.4526461248228168,
0.0,
0.1788505893340186,
0.3407495426259189,
0.2682592066000776,
0.0,
0.4261130556517383,
0.0,
0.3041787082324201,
0.16227556702201335,
0.1453218467880956,
0.6813241954891488,
0.25282298142725107,
0.29068388316924915,
0.5034531392369183,
0.3474730738720648,
0.6144670478544462,
0.5264640477221618,
0.263979300056182,
0.20937821239179621,
0.0195771822429035,
0.271029293550069,
0.0,
0.6792542854403862,
0.18635719518324878,
0.22855412831845895,
0.5835604696517527,
