0.1358734355618199,
0.39605711934634535,
0.4446168257579245,
0.5058650815927543,
0.4029483517962208,
0.0,
0.2816936601800305,
0.1399204565574152,
0.3825878703859822,
0.0,
0.1944295555448013,
0.24644951953866306,
0.46178632961861077,
0.4526461248228168,
0.0,
0.1788505893340186,
0.3407495426259189,
0.2682592066000776,
0.0,
0.4261130556517383,
0.0,
0.3041787082324201,
0.16227556702201335,
0.1453218467880956,
0.6813241954891488,
0.25282298142725107,
0.29068388316924915,
0.5034531392369183,
0.3474730738720648,
0.6144670478544462,
0.5264640477221618,
0.263979300056182,
0.20937821239179621,
0.0195771822429035,
0.271029293550069,
0.0,
0.6792542854403862,
0.18635719518324878,
0.22855412831845895,
0.5835604696517527,
0.1176759961568033,
0.30901797960346766,
0.3000562118173081,
0.15388182986040552,
0.2752500156676195,
0.3790968323460564,
0.4139527037647275,
0.3769935452139722,
0.4272347410379602,
0.29483653433660295,
0.5052270012565874,
0.48704516767794337,
0.3061372354235523,
0.5461405666861081,
0.32659722282912085,
0.0803957465917158,
0.23902360820569585,
0.3709162666866356,
0.0,
0.1320728472899855,
0.642934030999351,
0.1499188965705877,
0.31252391993936834,
0.5157239667091977,
0.44849787809184516,
0.14644884584614695,
0.6796885283400407,
0.1754343423788311,
0.19277197176084976,
0.6002113606658817,
0.10416359608219253,
0.48737983362034637,
0.6614168082890894,
0.4492840356402143,
0.3322348326466956,
0.19902457806955282,
0.253042901952512,
0.6882865394763573,
0.2688615689671353,
0.3100686303315276,
