0.2793593719886135,
0.4650743653883306,
0.12043903302473563,
0.43782591625272127,
0.5650726107518973,
0.3459229450018419,
0.2731477357399389,
0.5784797786590445,
0.4229309144297809,
0.20640754138211198,
0.4940536217728227,
0.1871038257779854,
0.7186679979993928,
0.6826308866969951,
0.26218735982734803,
0.2840628931781172,
0.44625362079670416,
0.18934237245652025,
0.29108493026398313,
0.1031470256472353,
0.4410651086690838,
0.5568833061787807,
0.5145156043399334,
0.41200845683531595,
0.06958235867640591,
0.4801893081739128,
0.0,
0.3513427352175582,
0.3577015217573952,
0.0,
0.09474369532285312,
0.3594419352181316,
0.2802581132457285,
0.5701319654597785,
0.0,
0.39001919992833284,
0.04552556923911555,
0.4893189002039286,
0.36065895004122583,
0.33902736515126447,
