0.2793593719886135,
0.4650743653883306,
0.12043903302473563,
0.43782591625272127,
0.5650726107518973,
0.3459229450018419,
0.2731477357399389,
0.5784797786590445,
0.4229309144297809,
0.20640754138211198,
0.4940536217728227,
0.1871038257779854,
0.7186679979993928,
0.6826308866969951,
0.26218735982734803,
0.2840628931781172,
0.44625362079670416,
0.18934237245652025,
0.29108493026398313,
0.1031470256472353,
0.4410651086690838,
0.5568833061787807,
0.5145156043399334,
0.41200845683531595,
0.06958235867640591,
0.4801893081739128,
0.0,
0.3513427352175582,
0.3577015217573952,
0.0,
0.09474369532285312,
0.3594419352181316,
0.2802581132457285,
0.5701319654597785,
0.0,
0.39001919992833284,
0.04552556923911555,
0.4893189002039286,
0.36065895004122583,
0.33902736515126447,
0.24330068509784003,
0.26836713819713154,
0.0,
0.72678959307558,
0.17640444572607364,
0.575609184257054,
0.0,
0.4902206988852603,
0.2749663870128897,
0.04392305051495515,
0.5164826469118676,
0.13619212865589464,
0.3519673873358378,
0.2827867579696675,
0.3604950669037954,
0.5160436487855735,
0.6924658144684086,
0.0,
0.6762720078392175,
0.23648011089075066,
0.22863480172755749,
0.14841750171082319,
0.3145363949639889,
0.2919123287752203,
0.5222807150390694,
0.24210107914353177,
0.5559479565315316,
0.35963534111003087,
0.08693381322723351,
0.35937480763121277,
0.25817351247384723,
0.3612272976590602,
0.27437474170409204,
0.6076835079868104,
0.4072901139035464,
0.42800280897333254,
0.09751436437916558,
0.41111706747968324,
0.12323486679197854,
0.355792760644714,
