0.5099297537899745,
0.0302915732397937,
0.15196247309241404,
0.5219782159920983,
0.6700465179499324,
0.041430512355997484,
0.46438654949357694,
0.4919774096020809,
0.40943499552472545,
0.20909531411182072,
0.17024801995765002,
0.20148122293794576,
0.49543207184886207,
0.6472712920064119,
0.4113382758246188,
0.13101604210337056,
0.2682122446233125,
0.48369022208565465,
0.44475007719179216,
0.0,
0.45571684654837685,
0.21635905796264604,
0.2272465838198784,
0.22494676712370604,
0.16802623812162612,
0.14014457677772824,
3.734182094313754E-4,
0.17040261270255525,
0.6120169306733481,
0.47742044411719253,
0.3562207734963085,
0.19909090521577627,
0.2349413525575158,
0.0,
0.03540937296956931,
0.7846449865924707,
0.1774043761190554,
0.22897243750407614,
0.3967308785196529,
0.7075780600613906,
0.3284545167605206,
0.4035342235092729,
0.18690303009735965,
0.31275138808907355,
0.0,
0.37389041921602384,
0.39814511518095963,
0.5154680634156183,
0.2763235816146066,
0.1140477144319251,
0.31447484384542335,
0.00973624889591962,
0.20574490173116883,
0.7839011022111075,
0.19562507740678092,
0.44979376183357933,
0.2505028074901836,
0.32041366929078124,
0.2724228160814341,
0.40947254859440524,
