0.0,
0.218001185082781,
0.0,
0.32655957775383104,
0.0,
0.20655204729985305,
0.4374877184562622,
0.30169215857426385,
0.082285819299253,
0.33067273081190646,
0.68408723056767,
0.2269791350679587,
0.2995446979530409,
0.10228908147835444,
0.05603517092046334,
0.25428434664861965,
0.5430467363018008,
0.04017171221057031,
0.514723997987508,
0.6693900328442917,
0.0,
0.2686750584614371,
0.5773490201496715,
0.14458989098389569,
0.10389074573477897,
0.5831230062102623,
0.33525600969713953,
0.04772381974961243,
0.37609977619753476,
0.5034651374815453,
0.47274333964130316,
0.041219890414038396,
0.0,
0.4077366639340902,
0.10534148378957292,
0.4012155309117968,
0.29696410414827035,
0.177198499273633,
0.5105226855779109,
0.2651881552793147,
