0.0,
0.218001185082781,
0.0,
0.32655957775383104,
0.0,
0.20655204729985305,
0.4374877184562622,
0.30169215857426385,
0.082285819299253,
0.33067273081190646,
0.68408723056767,
0.2269791350679587,
0.2995446979530409,
0.10228908147835444,
0.05603517092046334,
0.25428434664861965,
0.5430467363018008,
0.04017171221057031,
0.514723997987508,
0.6693900328442917,
0.0,
0.2686750584614371,
0.5773490201496715,
0.14458989098389569,
0.10389074573477897,
0.5831230062102623,
0.33525600969713953,
0.04772381974961243,
0.37609977619753476,
0.5034651374815453,
0.47274333964130316,
0.041219890414038396,
0.0,
0.4077366639340902,
0.10534148378957292,
0.4012155309117968,
0.29696410414827035,
0.177198499273633,
0.5105226855779109,
0.2651881552793147,
0.03621085451672901,
0.13296930970799453,
0.19662599511160617,
0.22289224774271643,
0.47734814903385214,
0.35444396169954384,
0.20326207898557896,
0.24791450932558762,
0.038314903599952044,
0.04097104128830492,
0.39303409031614983,
0.38924554909449127,
0.18067934671425848,
0.5475471315019491,
0.14255893215864215,
0.07170388261557784,
0.0,
0.26612652471203413,
0.6809270148601081,
0.42188910106866245,
0.4219738044103106,
0.198013840079812,
0.40821411976582206,
0.7400934506682361,
0.3485205677875899,
0.06480987216787001,
0.2478530692503071,
0.14078137985583844,
0.6802157309967607,
0.4008992109003644,
0.6440319960211754,
0.14131102818403224,
0.2480233177806584,
0.30752305977318545,
0.3705073117160469,
0.20417787060735523,
0.29866246950038355,
0.27675066380068436,
0.1209825201746369,
0.16540187006016516,
