0.4963974286594405,
0.5832373076179845,
0.7671522937683883,
1.0,
0.5099488567581036,
0.8361563889301562,
0.6833322761171318,
0.6572878198058276,
0.7863336365795582,
0.6348231535338175,
0.6005291672272345,
0.4621281743524822,
0.27352220384772497,
1.0,
0.9467147629129449,
0.6461270017746931,
0.6677344962757408,
0.8961773112018776,
0.7123571305688412,
0.2947645671014272,
0.26667215047618237,
0.682199566874624,
0.7421893871800781,
0.794084149597017,
0.9620400419838663,
0.733755032643203,
0.7201420490911851,
0.459122502176491,
0.6516259143092782,
0.6478593808105518,
0.7814626855069434,
0.6959578747887589,
0.9443471155041567,
0.5720821553344871,
0.8422153146770898,
1.0,
0.5740256302865394,
0.86041656728791,
0.40878185334255474,
0.8217100872842273,
0.9835789549119367,
0.36581541615015867,
0.8106136572436277,
0.8865816264303543,
0.7012513108354789,
0.8554722744707057,
0.7935818414065634,
0.9193137646146372,
0.8698381319792244,
1.0,
0.8398605923753281,
0.4976332854793949,
1.0,
0.6219877689403814,
0.6876104946179759,
0.40109624137111216,
0.9545597066985418,
0.40422094936181735,
0.851839988144308,
0.8620363447457589,
0.632138725326427,
0.8462935347880416,
0.7070253381478363,
0.798399209454917,
0.5108865425703297,
0.6515478403030408,
0.7373054373530615,
0.8793938104096848,
0.7029204730923936,
0.9343021228688263,
1.0,
0.9060009344243567,
1.0,
0.9098909356706432,
0.5959084159251146,
0.7620143921419129,
0.7234173470388876,
0.7247708647577706,
0.760686380599959,
0.4188488637671677,
0.9120292688007715,
0.5877625377827284,
0.9483239125058147,
0.9926286402367914,
0.6734952708792495,
0.7353894608167472,
0.7938834897799484,
0.7755077546463665,
0.6608216216725165,
0.7362776333499029,
0.46983956740060207,
0.8443142014173898,
0.9365851414456039,
0.8463569801508859,
0.6010118059431663,
0.5714765457417924,
0.6327992156606878,
0.8023824260787492,
0.2093738809457597,
0.7378189596688451,
