0.4963974286594405,
0.5832373076179845,
0.7671522937683883,
1.0,
0.5099488567581036,
0.8361563889301562,
0.6833322761171318,
0.6572878198058276,
0.7863336365795582,
0.6348231535338175,
0.6005291672272345,
0.4621281743524822,
0.27352220384772497,
1.0,
0.9467147629129449,
0.6461270017746931,
0.6677344962757408,
0.8961773112018776,
0.7123571305688412,
0.2947645671014272,
0.26667215047618237,
0.682199566874624,
0.7421893871800781,
0.794084149597017,
0.9620400419838663,
0.733755032643203,
0.7201420490911851,
0.459122502176491,
0.6516259143092782,
0.6478593808105518,
0.7814626855069434,
0.6959578747887589,
0.9443471155041567,
0.5720821553344871,
0.8422153146770898,
1.0,
0.5740256302865394,
0.86041656728791,
0.40878185334255474,
0.8217100872842273,
