0.7616119684871521,
0.7490785590117518,
0.960659820455946,
0.47775635371283814,
0.1637049876458999,
0.3679993382298917,
0.8059373180007501,
1.0,
0.44537934180172667,
0.5585746615978547,
0.8130882483434038,
0.6015131534245985,
0.5828435538141156,
0.7652124319136753,
0.4700003326080211,
0.6829397126998803,
1.0,
0.7564379293651503,
0.6999825217324578,
1.0,
0.4163075020456806,
0.7578133309639788,
0.6310075575631374,
0.6118694334311665,
0.6675227507700967,
0.7136995940451043,
0.48326720685699265,
0.5948051146883292,
0.7434874649658182,
0.6854771083652818,
0.4990801729422729,
0.9063897774796276,
0.7916568435018986,
0.7481164565960623,
0.4261836823383636,
0.4482224370057213,
0.8059380559620346,
0.6869772679501347,
0.4825463771382027,
1.0,
