0.4924451503149767,
0.5354810844374234,
0.15271886214663488,
0.3076724710309675,
0.49596356374531253,
0.5529144674120807,
0.46035535083359674,
0.5464170871384622,
0.49300754480889114,
0.7781536277090669,
0.5519086320167418,
0.439090734506157,
0.630556416757844,
0.6305107191864054,
0.9490671695669743,
0.55490869269854,
0.5646821038097387,
0.3419160723579816,
0.1450907551393909,
0.5897330009427219,
0.7003519276263381,
0.4858138093791043,
0.7265779209284629,
0.47377880087988145,
0.19496705738806375,
0.3476908352745295,
0.395832122322069,
0.6958771236528905,
0.6572656816555646,
0.32878297912565657,
0.3805103389753404,
0.40437597079859366,
0.26390938234980416,
0.6846280261779163,
0.5682419981595861,
0.42364751581251714,
0.4032057919995414,
0.453243846273419,
0.5558549190535073,
0.3373317946073739,
0.33565004175451646,
0.5761904060308082,
0.343554006384167,
0.6834133252886259,
0.5564561681945804,
0.3945576453094327,
0.6639780339203106,
0.11262138298243674,
0.4145778376717291,
0.38884398929694497,
0.7136499962195904,
0.3524400050519324,
0.31810909176764035,
0.40083005647335646,
0.5390223260387506,
0.19038509409921184,
0.028557424637886963,
0.4928244474302673,
0.7392179335233027,
0.4106679980576757,
0.676343873986231,
0.5918165385762035,
0.33961479938855976,
0.566627506113879,
0.38223426327114784,
0.4691391821753258,
0.6859667855680353,
0.41801335654061145,
0.7515756653258787,
0.38065211092414336,
0.2503963604287365,
0.6676171445582353,
0.915364919452051,
0.19424374714540388,
0.46634123956529316,
0.6799119424087509,
0.1728678799988475,
0.5246850234470847,
1.0,
0.530758263227784,
0.6980683854772151,
0.6404068950935509,
0.3129267631032999,
0.4318484344136424,
0.3532604857867525,
0.5983207611180341,
0.3360311715403741,
0.3903682642091319,
0.6533707108214283,
0.6747927413064319,
0.5264117471873044,
0.31598757531923527,
0.7458421174823351,
0.35614738219293673,
0.633863802771451,
0.6716373010000062,
0.35560357190609126,
0.43774386477298954,
0.3678394545264936,
0.0,
