0.4924451503149767,
0.5354810844374234,
0.15271886214663488,
0.3076724710309675,
0.49596356374531253,
0.5529144674120807,
0.46035535083359674,
0.5464170871384622,
0.49300754480889114,
0.7781536277090669,
0.5519086320167418,
0.439090734506157,
0.630556416757844,
0.6305107191864054,
0.9490671695669743,
0.55490869269854,
0.5646821038097387,
0.3419160723579816,
0.1450907551393909,
0.5897330009427219,
0.7003519276263381,
0.4858138093791043,
0.7265779209284629,
0.47377880087988145,
0.19496705738806375,
0.3476908352745295,
0.395832122322069,
0.6958771236528905,
0.6572656816555646,
0.32878297912565657,
0.3805103389753404,
0.40437597079859366,
0.26390938234980416,
0.6846280261779163,
0.5682419981595861,
0.42364751581251714,
0.4032057919995414,
0.453243846273419,
0.5558549190535073,
0.3373317946073739,
