0.6613305564414743,
0.4465938749968763,
0.4845041212450598,
0.7380132180003487,
0.7827268713375205,
0.5946099943753604,
0.9517825085154672,
0.9018690440175858,
0.6951063314453487,
0.6494239584857909,
0.6621630237119085,
0.591600401506994,
0.6664058685773896,
0.7332695596786404,
1.0,
0.4974333490486571,
0.699221311066989,
0.9004118080436698,
0.4512172738097834,
0.20795040088291938,
0.9015719520237447,
0.6958561817677267,
0.2546411068135645,
0.8621461647257571,
0.4589210838206048,
0.7139267006215624,
0.720102176699281,
0.7587602469870443,
0.5816659482919655,
0.6701673492359623,
1.0,
0.5635551481009068,
0.6028830289587864,
0.6946792879416356,
0.44352456196572915,
0.7640317647464302,
0.5096926227498865,
0.6338985421455201,
0.6750010141283429,
0.6707867166774176,
