1.0,
0.31864264585979984,
0.9714378156119073,
0.6567975533573047,
0.9570729679828223,
0.6914181864341706,
0.9298480447507019,
0.5463358160202871,
0.7199984855733097,
0.5281712986566677,
0.8347147690645568,
0.9246607925450933,
0.3354706066375086,
0.8104608103313795,
0.4576023689237717,
0.5111191727290535,
0.9779100160215652,
0.3756959662142557,
0.704978898046788,
0.9041870825525173,
0.9689093415522534,
0.6805472605533246,
0.8529096201670752,
0.6720062129774426,
0.4587057253780691,
1.0,
0.6168045175121307,
0.5154965550487023,
0.7516243836317832,
0.4988559046551526,
0.5538586820102098,
0.6124627372775291,
0.6788171548369939,
0.7380167782800855,
0.926237919479072,
0.9402720023472751,
0.47911831097591917,
0.6832022804381915,
0.7841780683571662,
0.8956340782050868,
0.5081986634488395,
0.7447655845685536,
1.0,
1.0,
0.7954354912061592,
0.8542380368197627,
0.4874658205358231,
0.5527865161172694,
0.8068420887343654,
0.7475540984354032,
0.6895359967410296,
0.8409481302855436,
0.4421665645671201,
0.6297788694867046,
0.9772483242346595,
0.645481108881712,
0.8280325321251109,
0.5894143208338427,
0.8366954809389251,
0.6294203553399297,
0.3309453250568764,
0.8505414319860404,
0.8081944552488163,
1.0,
0.5845705241427344,
0.6767891304083954,
0.6028053265177814,
0.6403734705947118,
0.8361326065417957,
0.4803087277387607,
0.9553374706993638,
0.565608315834648,
0.7134185557332976,
0.5016152680902995,
0.8127266003777562,
0.8974093080889652,
0.9773545943109055,
0.8080749990261331,
0.6686464306510802,
0.7268057819485154,
0.8616042983211494,
0.8518589396611871,
0.7265579096202514,
0.5146822450443104,
0.18586458713790555,
1.0,
0.7466930505903255,
0.5861578748815677,
0.6171955413159385,
0.0,
0.3769627711859647,
0.7227594596715846,
0.4512879373166467,
0.6310215197872371,
0.9732897206407858,
1.0,
0.4515959932779253,
0.61356827312526,
0.7517407605320809,
0.6992828267006213,
