1.0,
0.31864264585979984,
0.9714378156119073,
0.6567975533573047,
0.9570729679828223,
0.6914181864341706,
0.9298480447507019,
0.5463358160202871,
0.7199984855733097,
0.5281712986566677,
0.8347147690645568,
0.9246607925450933,
0.3354706066375086,
0.8104608103313795,
0.4576023689237717,
0.5111191727290535,
0.9779100160215652,
0.3756959662142557,
0.704978898046788,
0.9041870825525173,
0.9689093415522534,
0.6805472605533246,
0.8529096201670752,
0.6720062129774426,
0.4587057253780691,
1.0,
0.6168045175121307,
0.5154965550487023,
0.7516243836317832,
0.4988559046551526,
0.5538586820102098,
0.6124627372775291,
0.6788171548369939,
0.7380167782800855,
0.926237919479072,
0.9402720023472751,
0.47911831097591917,
0.6832022804381915,
0.7841780683571662,
0.8956340782050868,
