1.0,
0.8151430941635149,
0.7134854409651414,
0.5828381517639758,
0.8304949336294153,
0.5864544390369429,
0.6960744139926688,
0.8214269594321288,
0.8071085137842335,
0.8345414161774181,
0.5955888589868539,
0.42196085691754076,
0.7675329858030556,
0.9978222785475279,
0.7493491747611567,
0.6339236507255924,
0.7429364309049219,
0.5370819130168993,
0.8461643011609397,
0.28778698718260554,
0.5749421767662206,
1.0,
0.9514636563140226,
0.6753285294853324,
0.6037802063914331,
0.8525178786469245,
0.47100650662029253,
0.8028101012845453,
0.6766828488959351,
0.5595485338164797,
0.683344181655653,
0.7840584981385189,
0.9852323075475302,
0.3235811334502129,
0.6511952290728917,
0.9171478062931224,
0.7865848626696675,
1.0,
0.405445884235494,
0.8736359783370123,
0.829088504639524,
0.9265003472106885,
1.0,
0.7728557964954267,
0.5913800010912282,
0.5989214512854777,
0.6268747859711065,
0.7454453374546408,
0.9612367385877058,
0.596529284854363,
0.5070641509979055,
0.688259559415723,
1.0,
0.6414988612190705,
0.5844721090956428,
0.7611642400430917,
0.5126063966345389,
0.6972919723820402,
0.42044641392555604,
0.5488412400664306,
0.41048331716414227,
0.5590208656790256,
0.8785766651523348,
0.7284638486192491,
0.6016879247693265,
0.47946734160510207,
0.7721655897382125,
0.8208341213126654,
0.8847798385025749,
0.7793866382340304,
0.9349740235114515,
0.47618312540030816,
0.7594359564082209,
0.6414874904371759,
0.437261489744323,
0.6473777949534903,
0.8257515319884554,
0.7086397329858989,
0.6242461617075478,
0.7172262876369586,
