0.0,
0.32226385443068484,
0.7031843689027566,
0.4427923786059269,
0.02485170021006783,
0.31133323656963735,
0.4210971793183046,
0.3861448582667083,
0.9877800170206361,
0.5754528044614458,
0.3571851380601222,
0.3529894161911279,
0.6090396047250631,
0.5203980377044937,
0.4062694315526989,
0.4414946612227766,
0.15715088953123302,
0.49492158445083784,
0.6449025030428012,
0.6887716604980996,
0.3691768496493739,
0.19323132134702042,
0.4201835580048561,
0.6147503752403181,
0.512516835691915,
0.1361769192043646,
0.7604421043232756,
0.4282263008629218,
0.2646953075141065,
0.598452539878723,
0.43112264680492485,
0.4487338652043362,
0.6594500530805679,
0.2611900026355348,
0.584408411982406,
0.6183685448627102,
0.4650580580574234,
0.3248198578464666,
0.3432169111865838,
0.6387179365343582,
0.744735315018406,
0.41646127795267857,
0.6580839570563327,
0.5018232759839676,
0.4440430692005827,
0.34658883637081417,
0.3258831245214281,
0.567704267535501,
0.7156712703526765,
0.4557165834750753,
0.3673775504793081,
0.5894855930533455,
0.6628371857866411,
0.2958451912308299,
0.2266782657638549,
0.486209447391713,
0.3626192251723823,
0.4700483459681539,
0.30062373510892715,
0.5187509391052786,
0.2109412290756551,
0.37479704287618676,
0.9433030533362774,
0.6044852920385845,
0.4969089501122464,
0.29733124035643277,
0.7088898068975455,
0.8245832198230881,
0.5687444003502705,
0.1993228976804164,
0.4994921748742017,
0.5201582315664507,
0.3516324437142253,
0.7812850765204633,
0.5888044864813536,
0.5080988918643254,
0.39805343936756604,
0.39832665864323813,
0.5769974213850807,
0.36816371335932685,
0.1950282460078852,
0.05054457506313692,
0.5172428516386796,
0.6316926765916662,
0.29612612803439187,
0.18462288073684968,
0.37833232948349255,
0.5642368490291159,
0.10237201046963595,
0.4837895345885885,
0.7183008302225486,
0.2779605899980053,
0.4802227693668484,
0.5947684574792144,
0.5255817222705188,
0.6571296852573574,
0.36465793392579554,
0.5428044273920233,
0.5721460581743402,
0.418286392766662,
