0.0,
0.32226385443068484,
0.7031843689027566,
0.4427923786059269,
0.02485170021006783,
0.31133323656963735,
0.4210971793183046,
0.3861448582667083,
0.9877800170206361,
0.5754528044614458,
0.3571851380601222,
0.3529894161911279,
0.6090396047250631,
0.5203980377044937,
0.4062694315526989,
0.4414946612227766,
0.15715088953123302,
0.49492158445083784,
0.6449025030428012,
0.6887716604980996,
0.3691768496493739,
0.19323132134702042,
0.4201835580048561,
0.6147503752403181,
0.512516835691915,
0.1361769192043646,
0.7604421043232756,
0.4282263008629218,
0.2646953075141065,
0.598452539878723,
0.43112264680492485,
0.4487338652043362,
0.6594500530805679,
0.2611900026355348,
0.584408411982406,
0.6183685448627102,
0.4650580580574234,
0.3248198578464666,
0.3432169111865838,
0.6387179365343582,
0.744735315018406,
0.41646127795267857,
0.6580839570563327,
0.5018232759839676,
0.4440430692005827,
0.34658883637081417,
0.3258831245214281,
0.567704267535501,
0.7156712703526765,
0.4557165834750753,
0.3673775504793081,
0.5894855930533455,
0.6628371857866411,
0.2958451912308299,
0.2266782657638549,
0.486209447391713,
0.3626192251723823,
0.4700483459681539,
0.30062373510892715,
0.5187509391052786,
