0.38183830535811464,
0.30456468715197166,
0.6600317269362701,
0.5902608744264902,
0.5392347653991352,
0.40412756302166836,
0.6166241400924521,
0.39577694253310125,
0.15192535597796025,
0.42085683430904114,
0.681446415358483,
0.5588149564058557,
0.32487667209764953,
0.3703636815479253,
0.24538119430575317,
0.483317470007557,
0.3449245695994622,
0.5973399835580437,
0.15116544821724265,
0.39210901225245864,
0.8015157776448958,
0.41583841054836124,
0.37375153640372283,
0.7982535713644285,
0.25915140897588573,
0.7644130121528947,
0.576177723325398,
0.6118517020709906,
0.5844031018928794,
0.07072910992964293,
0.5276212390474533,
0.6147942061414342,
0.25339612735503436,
0.839201276308237,
0.5435257614126904,
0.2891747320038909,
0.33061429298160483,
0.7420079013438219,
0.41684828912132027,
0.3229886822284651,
