0.38183830535811464,
0.30456468715197166,
0.6600317269362701,
0.5902608744264902,
0.5392347653991352,
0.40412756302166836,
0.6166241400924521,
0.39577694253310125,
0.15192535597796025,
0.42085683430904114,
0.681446415358483,
0.5588149564058557,
0.32487667209764953,
0.3703636815479253,
0.24538119430575317,
0.483317470007557,
0.3449245695994622,
0.5973399835580437,
0.15116544821724265,
0.39210901225245864,
0.8015157776448958,
0.41583841054836124,
0.37375153640372283,
0.7982535713644285,
0.25915140897588573,
0.7644130121528947,
0.576177723325398,
0.6118517020709906,
0.5844031018928794,
0.07072910992964293,
0.5276212390474533,
0.6147942061414342,
0.25339612735503436,
0.839201276308237,
0.5435257614126904,
0.2891747320038909,
0.33061429298160483,
0.7420079013438219,
0.41684828912132027,
0.3229886822284651,
0.45120980485679735,
0.48079641714486876,
0.45442339740735804,
0.45721213143698347,
0.30903223875365654,
0.5339324625375259,
0.5459106650207461,
0.8556915270132885,
0.28555949873866754,
0.4998705422359246,
0.6258973395009798,
0.25707626269505324,
0.2898124810409365,
0.7714769922152078,
0.3997440213131272,
0.271053478063371,
0.4050322640123427,
0.4751869291930919,
0.6833737092233774,
0.7548124102084571,
0.7165322862083426,
0.4750077448745884,
0.4514310052531243,
0.5136300925320381,
0.5258304960731937,
0.39049255609752426,
0.43730236647535936,
0.5168026200429954,
0.3410837368550703,
0.255599355693792,
0.6123252260203245,
0.31760829975207105,
0.3601267228344531,
0.7397811791947593,
0.7035271928908623,
0.4792278924269566,
0.3119462071515976,
0.6471457167197266,
0.4528379935327156,
0.6212661201875217,
