0.5824070990696206,
0.8117458604682088,
0.8545646060807058,
0.5521347142871543,
0.8200104010471081,
0.5300093814882537,
0.3737212606828553,
0.7910606610688983,
0.7781431482515901,
0.5449162736573625,
0.5562654351521542,
0.8138826404395432,
0.685637180260658,
0.6124115843398917,
0.6762001273943252,
0.7741019388304762,
0.7843410819621236,
0.8585064376764391,
0.7327106199755331,
0.7293206829458044,
0.5610701585833227,
0.7452359416809032,
0.44001557453957213,
0.9321288817139165,
0.32901905768209494,
0.48711638192656526,
0.8801265329747426,
0.22223138822565303,
1.0,
0.8744606893334,
0.7403335333186392,
0.4057316213558461,
0.42495884529404765,
0.5330631945218536,
0.7489345039481122,
0.509768790604982,
0.6423581742416569,
0.9247011594618911,
0.7511025307080493,
0.9306732852833007,
0.6958888449338098,
0.7406312447549385,
0.71654438389223,
0.6504000671994359,
0.6563665431768405,
0.7745184939117428,
1.0,
1.0,
0.4154655988770914,
0.5756300436263433,
0.8487844240536091,
0.7311544797345507,
0.8537080088403494,
0.555337924549614,
0.8764452949391682,
1.0,
0.8105301537303735,
0.8196727867578473,
0.14296262387001513,
0.8351396979230121,
0.6310789053493522,
0.6338699307125755,
0.6877807556061925,
0.8391121104693882,
1.0,
0.7194382895552451,
0.4999864908843787,
1.0,
0.5676441828652127,
0.3947958374503721,
1.0,
0.5870510864841126,
0.8025858274596653,
0.9871822235256205,
0.8578389569235625,
1.0,
0.9706014750256509,
0.7018552589321891,
0.69949026094384,
0.6362815144953158,
0.4469643004700847,
0.5585637940812349,
0.8238501751564803,
0.7655997024175061,
1.0,
0.5159484500050671,
0.6709814640787434,
0.7995700917575654,
0.6793756660460407,
0.7974735954129322,
0.7073069367990754,
0.6419065800166949,
0.6286372033466452,
0.7803038151513212,
0.7161220625415448,
0.686603205620313,
0.5906761040503018,
0.6227566488890026,
0.6534965753208584,
0.652286224919461,
