0.5824070990696206,
0.8117458604682088,
0.8545646060807058,
0.5521347142871543,
0.8200104010471081,
0.5300093814882537,
0.3737212606828553,
0.7910606610688983,
0.7781431482515901,
0.5449162736573625,
0.5562654351521542,
0.8138826404395432,
0.685637180260658,
0.6124115843398917,
0.6762001273943252,
0.7741019388304762,
0.7843410819621236,
0.8585064376764391,
0.7327106199755331,
0.7293206829458044,
0.5610701585833227,
0.7452359416809032,
0.44001557453957213,
0.9321288817139165,
0.32901905768209494,
0.48711638192656526,
0.8801265329747426,
0.22223138822565303,
1.0,
0.8744606893334,
0.7403335333186392,
0.4057316213558461,
0.42495884529404765,
0.5330631945218536,
0.7489345039481122,
0.509768790604982,
0.6423581742416569,
0.9247011594618911,
0.7511025307080493,
0.9306732852833007,
