0.2688401871092033,
0.1290055228662798,
0.44482716938137,
0.17668318244225836,
0.3649004619234035,
0.5906676340482097,
0.06998679187048332,
0.2674561561867889,
0.2363755365575404,
0.35474062833848835,
0.06410798707741636,
0.22256387385538873,
0.20859563036053258,
0.26731343143428726,
0.2660226596636143,
0.25242207327536936,
0.2192979393168487,
0.4292579198809621,
0.3591246466905425,
0.48528158725740617,
0.3684844738792571,
0.1917546142733885,
0.45203296161833556,
0.14950510135024386,
0.11669128873304335,
0.27022929162896364,
0.4515919522263437,
0.21523745166862213,
0.0,
0.16449809476829588,
0.14593840211935974,
0.3275574720122691,
0.3217981057917677,
0.3864282733529134,
0.10518805208143828,
0.5511581539881751,
0.37779695031023486,
0.25584675893984477,
0.30749750753967253,
0.1608451323812157,
