0.2688401871092033,
0.1290055228662798,
0.44482716938137,
0.17668318244225836,
0.3649004619234035,
0.5906676340482097,
0.06998679187048332,
0.2674561561867889,
0.2363755365575404,
0.35474062833848835,
0.06410798707741636,
0.22256387385538873,
0.20859563036053258,
0.26731343143428726,
0.2660226596636143,
0.25242207327536936,
0.2192979393168487,
0.4292579198809621,
0.3591246466905425,
0.48528158725740617,
0.3684844738792571,
0.1917546142733885,
0.45203296161833556,
0.14950510135024386,
0.11669128873304335,
0.27022929162896364,
0.4515919522263437,
0.21523745166862213,
0.0,
0.16449809476829588,
0.14593840211935974,
0.3275574720122691,
0.3217981057917677,
0.3864282733529134,
0.10518805208143828,
0.5511581539881751,
0.37779695031023486,
0.25584675893984477,
0.30749750753967253,
0.1608451323812157,
0.04195975403365482,
0.23584690436915123,
0.43598173901766557,
0.4201736601590296,
0.06890290762741283,
0.4906558548944896,
0.5535336731531832,
0.0,
0.41688989428212,
0.48986620703233913,
0.4601922213903185,
0.10469264204577952,
0.10007242905496211,
0.37404128039803125,
0.08053773573456918,
0.12395912690214222,
0.11266878199140751,
0.544629910519816,
0.14611429571648518,
0.3508437283504157,
0.40997337577401005,
0.15950241272427598,
0.31340739705138326,
0.19126151968825955,
0.596902410153008,
0.09361237602446273,
0.4263928791705067,
0.1306827479164429,
0.45462004542829937,
0.5022624758491737,
0.5700702858716201,
0.19969391294265107,
0.35835759544031953,
0.11557797769987385,
0.656050919956606,
0.3572075915541076,
0.2735469427723255,
0.06357134803248196,
0.4380119376572815,
0.4279306039840388,
