0.8385897991818716,
0.5161452165811451,
0.6191016697435741,
0.7967754788809992,
0.5945358076189733,
0.9123393426784329,
0.8975726796820939,
0.7513690357534175,
0.7865496984675109,
0.40102079878778235,
0.5523428180965781,
0.95247033518623,
0.9000447956824397,
0.7070354068218214,
0.6339257239519133,
0.5080558739492895,
0.5696021995956634,
0.7091328374429317,
0.40968995227854094,
0.6527702495197582,
0.7020308000249689,
0.6974515775427301,
0.8512383426815494,
0.7472508599458294,
0.7459293432756242,
0.9154829477532775,
0.7532679335630605,
0.6272751111579873,
0.9175908251232358,
1.0,
0.3682095515979964,
1.0,
0.7212835317957877,
1.0,
0.2941039729538057,
0.5765160753459178,
0.4949133812496427,
0.49289508849015146,
0.618619415140883,
0.8092158623801317,
