0.1847688048117821,
0.21002790822249384,
0.450802133244598,
0.3191355627590226,
0.0062423480919034935,
0.32969243453292607,
0.43647801265160413,
0.16117219701767305,
0.3145129466993427,
0.12776829152983782,
0.5634385913553968,
0.5336358428498149,
0.3176745255235449,
0.557780406173453,
0.22186464175570444,
0.22040163787843225,
0.3332515809300695,
0.38575072154235895,
0.11938920462458719,
0.671005885621874,
0.0,
0.4330083849449169,
0.4941927229897479,
0.693757272490634,
0.3982081850520749,
0.25504266398196007,
0.0,
0.10991972211403309,
0.5627289507447997,
0.5692423293975934,
0.28417767359527896,
0.2779742655458533,
0.0,
0.31373690252915254,
0.2392485110885416,
0.2163140313102427,
0.24468867184863344,
0.41575058277426497,
0.36986916822898963,
0.1552506606355498,
0.3570464352219695,
0.0,
0.30406549472484573,
0.5185876807952469,
0.2359642684253468,
0.5513509900501994,
0.28118177063896044,
0.0,
0.2862896292107929,
0.06753012708755396,
0.4793386560310829,
0.43249074979488633,
0.5787226032825367,
0.5623332105434583,
0.15819219413178362,
0.255152326928529,
0.22350381867888253,
0.2525400673051646,
0.27673443698017997,
0.23457502285348916,
0.4721227087108908,
0.5258285228893146,
0.5696577800546457,
0.3467286975291308,
0.5388262006516564,
0.0,
0.5000228506102571,
0.17299893287316034,
0.6916358478639112,
0.5163035115243256,
0.24014418154645434,
0.0,
0.41510751736569207,
0.11221307226513474,
0.18077006788325473,
0.5525363479968725,
0.31034757616106406,
0.6306585473938218,
0.5184008601758836,
0.4127848733165974,
0.1550083793569136,
0.2022148315304126,
0.3119056674297974,
0.25279143834153134,
0.4439139524836496,
0.0625997961138123,
0.3915135212146302,
0.13220829842010523,
0.01525520356836263,
0.40105514060531433,
0.24000294813121453,
0.7286335988770698,
0.5183238123045383,
0.27514276164770235,
0.22568856947288882,
0.08586856299179416,
0.4067499718946946,
0.5808749117243859,
0.397088795353177,
0.0,
