0.1847688048117821,
0.21002790822249384,
0.450802133244598,
0.3191355627590226,
0.0062423480919034935,
0.32969243453292607,
0.43647801265160413,
0.16117219701767305,
0.3145129466993427,
0.12776829152983782,
0.5634385913553968,
0.5336358428498149,
0.3176745255235449,
0.557780406173453,
0.22186464175570444,
0.22040163787843225,
0.3332515809300695,
0.38575072154235895,
0.11938920462458719,
0.671005885621874,
0.0,
0.4330083849449169,
0.4941927229897479,
0.693757272490634,
0.3982081850520749,
0.25504266398196007,
0.0,
0.10991972211403309,
0.5627289507447997,
0.5692423293975934,
0.28417767359527896,
0.2779742655458533,
0.0,
0.31373690252915254,
0.2392485110885416,
0.2163140313102427,
0.24468867184863344,
0.41575058277426497,
0.36986916822898963,
0.1552506606355498,
