0.21169686814953512,
0.11352966369025538,
0.030159025522969785,
0.5777621828766448,
0.3842236410100933,
0.0,
0.2715415830620878,
0.28271194299035374,
0.2849985184969503,
0.24610132885545918,
0.36838425974988065,
0.22857041208214457,
0.45110233425090834,
0.13399232288318225,
0.2648563786292782,
0.25082007945580476,
0.43478987877588915,
0.43723630241598077,
0.2920074392533819,
0.19423025171773695,
0.0,
0.31118620034934996,
0.43232160714358125,
0.3620994641407626,
0.2317431901726038,
0.6915687809174874,
0.4925335371756077,
0.38474919143114583,
0.35488873879530414,
0.13045388858051282,
0.5233890049972041,
0.3189232175635543,
0.8095318054944556,
0.10305072317421396,
0.33117883295726386,
0.12682459766577592,
0.3001190789109778,
0.03629014864562574,
0.6414278254397875,
0.30765965998968214,
0.09081099087837871,
0.3021379541546416,
0.7682399917286171,
0.3935324597722039,
0.27331331277900817,
0.15624164155470574,
0.4504388264546768,
0.1691835337868735,
0.6545597965170868,
0.5988722710064529,
0.37764617479349327,
0.6138639254563492,
0.27054210198659345,
0.5521043513251988,
0.0,
0.08531205712683684,
0.15208377987890678,
0.40757031450425596,
0.3849354163301608,
0.03022057145821616,
0.5698601898279152,
0.05257296029067152,
0.5625596773604824,
0.2021945130098432,
0.16161989887213643,
0.3359808722303312,
0.12226191071031095,
0.6895634831560248,
0.4689506109348327,
0.522148413591354,
0.5396602498312645,
0.37067440951955516,
0.05179337011553281,
0.08768319467475166,
0.00639644253756444,
0.3222867664543175,
0.285522728924756,
0.259050999607416,
0.3772967000333617,
0.13981835532844258,
0.5535155179989539,
0.2662653087564254,
0.0,
0.31042462598375453,
0.3937334299286184,
0.18287090520666574,
0.36325383275667,
0.0777377608476783,
0.38623938956369624,
0.23353325637020517,
0.0,
0.3506381375856398,
0.21441662088347824,
0.265065258544575,
0.1302478374468699,
0.20980948725819526,
0.03883049886975182,
0.16071546458584748,
0.22590589328105898,
0.4519254122827068,
