0.21169686814953512,
0.11352966369025538,
0.030159025522969785,
0.5777621828766448,
0.3842236410100933,
0.0,
0.2715415830620878,
0.28271194299035374,
0.2849985184969503,
0.24610132885545918,
0.36838425974988065,
0.22857041208214457,
0.45110233425090834,
0.13399232288318225,
0.2648563786292782,
0.25082007945580476,
0.43478987877588915,
0.43723630241598077,
0.2920074392533819,
0.19423025171773695,
0.0,
0.31118620034934996,
0.43232160714358125,
0.3620994641407626,
0.2317431901726038,
0.6915687809174874,
0.4925335371756077,
0.38474919143114583,
0.35488873879530414,
0.13045388858051282,
0.5233890049972041,
0.3189232175635543,
0.8095318054944556,
0.10305072317421396,
0.33117883295726386,
0.12682459766577592,
0.3001190789109778,
0.03629014864562574,
0.6414278254397875,
0.30765965998968214,
