0.5350630588392785,
0.3445861876134402,
0.5546569946562334,
0.6264399299005365,
0.6304609406028021,
0.28208790665592914,
0.7104729962180073,
0.2849875067465232,
0.3647841657736345,
0.6574124161705608,
0.5831838454573883,
0.4744568245887955,
0.382788502562123,
0.621365371837339,
0.32152253100953154,
0.6298710994059229,
0.2897254578662546,
0.5583694004600716,
0.6260208022062147,
0.7818127023070592,
0.7469060405483383,
0.5918037376871408,
0.21410310524136478,
0.5061156227555712,
0.2895074986011906,
0.7326602739793561,
0.5844912390981297,
0.6676090020986368,
0.7211916692199056,
0.647871746761859,
0.6976811962749359,
0.8156711122074105,
0.3063243729857689,
0.25768709592700045,
0.18168045398149096,
0.5155846845133015,
0.9192118019673265,
0.41079232634423263,
0.5212868426751557,
0.52868069934868,
