0.5350630588392785,
0.3445861876134402,
0.5546569946562334,
0.6264399299005365,
0.6304609406028021,
0.28208790665592914,
0.7104729962180073,
0.2849875067465232,
0.3647841657736345,
0.6574124161705608,
0.5831838454573883,
0.4744568245887955,
0.382788502562123,
0.621365371837339,
0.32152253100953154,
0.6298710994059229,
0.2897254578662546,
0.5583694004600716,
0.6260208022062147,
0.7818127023070592,
0.7469060405483383,
0.5918037376871408,
0.21410310524136478,
0.5061156227555712,
0.2895074986011906,
0.7326602739793561,
0.5844912390981297,
0.6676090020986368,
0.7211916692199056,
0.647871746761859,
0.6976811962749359,
0.8156711122074105,
0.3063243729857689,
0.25768709592700045,
0.18168045398149096,
0.5155846845133015,
0.9192118019673265,
0.41079232634423263,
0.5212868426751557,
0.52868069934868,
0.4332572614406184,
0.3684512614311878,
0.5125965268982502,
0.5944998838295661,
0.39406907131408786,
0.28011750340333275,
0.5331345406113924,
0.5017785733216603,
0.5481153224126377,
0.6563654185068111,
0.3655676964009006,
0.8105626149433307,
0.4464662209861918,
0.6226803852851565,
0.39230720447289325,
0.3954535457000393,
0.6477158324858467,
0.4255255911529796,
0.13165151060113506,
0.36815350480544606,
0.36806418752925074,
0.41667398238332237,
0.6824030629859209,
0.7484386464546291,
0.5203962437241064,
0.5141008867828061,
0.6242985030081931,
0.4044821844170834,
0.4413115631966134,
0.6073841346206178,
0.7316342515491369,
0.5916707570732956,
0.4644041970299299,
0.3979446639348003,
0.36441437571699664,
0.45355206414330856,
0.4486964937257691,
0.5556257199468052,
0.6442186001860375,
0.20821688939326377,
