0.05265168369411982,
0.5233804208001405,
0.3931101696099781,
0.5929853628258841,
0.3768655023194374,
0.23285019315265354,
0.25392929403139175,
0.21925058460513078,
0.47190095412918687,
0.4579307320647696,
0.2953530482884873,
0.8367683332073195,
0.27982068749318134,
0.6564741148694488,
0.4694780518796283,
0.0,
0.01677447173079477,
0.23249889397141266,
0.15850728717634854,
0.40898278286520773,
0.4412594142555968,
0.3738348992010037,
0.0033664389951244544,
0.46007659397921485,
0.25469976045706094,
0.29469779744506497,
0.1819161310701694,
0.5878689204350008,
0.29589278733016317,
0.10359227970964485,
0.14511339461987177,
0.2407063717028678,
0.46314810914272314,
0.40463988937820905,
0.21036746953356805,
0.19554307697674936,
0.4564737667707334,
0.44343101182044664,
0.28228996285117886,
0.2727463197627822,
0.27764539536647526,
0.3925782118913718,
0.7652373743450267,
0.4164660141241447,
0.4998430200307637,
0.31252100246834896,
0.25555788224031273,
0.0,
0.11651160950085379,
0.5817497497962134,
0.2053965240328547,
0.3440554367328488,
0.45323975717713616,
0.0,
0.14399594223090573,
0.32213863954289945,
0.08031970844614922,
0.3164578081556382,
0.12180984552781896,
0.4514475916184725,
0.5417506287634375,
0.41231038998207126,
0.024888441644207004,
0.4701850457111469,
0.4847566788633223,
0.2441593871213607,
0.316936169726037,
0.3712082844624165,
0.1453154708475373,
0.2774970634070699,
0.3177028353716672,
0.1749526025200194,
0.4989688743089969,
0.3209509634409059,
0.365274665893113,
0.31050702794530305,
0.12930144230113413,
0.32308419699787444,
0.12584961834686673,
0.3817286115273327,
0.6751992214382432,
0.704112989044104,
0.433568657087278,
0.0234928891495505,
0.27247285369593327,
0.3755926901530792,
0.0,
0.4800682226540702,
0.19670782691051492,
0.3511427054061678,
0.24781966952367582,
0.18552507084414652,
0.2999403947657756,
0.1187253747697693,
0.08854742669087956,
0.5643799873190528,
0.2834815996151387,
0.24098228135023633,
0.4180360723837062,
0.0,
