0.05265168369411982,
0.5233804208001405,
0.3931101696099781,
0.5929853628258841,
0.3768655023194374,
0.23285019315265354,
0.25392929403139175,
0.21925058460513078,
0.47190095412918687,
0.4579307320647696,
0.2953530482884873,
0.8367683332073195,
0.27982068749318134,
0.6564741148694488,
0.4694780518796283,
0.0,
0.01677447173079477,
0.23249889397141266,
0.15850728717634854,
0.40898278286520773,
0.4412594142555968,
0.3738348992010037,
0.0033664389951244544,
0.46007659397921485,
0.25469976045706094,
0.29469779744506497,
0.1819161310701694,
0.5878689204350008,
0.29589278733016317,
0.10359227970964485,
0.14511339461987177,
0.2407063717028678,
0.46314810914272314,
0.40463988937820905,
0.21036746953356805,
0.19554307697674936,
0.4564737667707334,
0.44343101182044664,
0.28228996285117886,
0.2727463197627822,
