0.06332130220381232,
0.501593353346801,
0.14057486139766134,
0.09287950136805484,
0.17246559012970347,
0.45816288614435585,
0.3210325310418475,
0.6269550719007045,
0.3631551730356288,
0.4208002187931028,
0.35697375662896785,
0.3119801447029157,
0.5640405186089258,
0.14912206252549148,
0.687273518081897,
0.0,
0.4092443635361656,
0.5100843143583564,
0.26197003364265975,
0.35690733949898434,
0.5229087601663821,
0.40964076008120265,
0.2615251747260371,
0.11968333477175225,
0.6076482334350407,
0.02556237571628478,
0.10145358443628619,
0.5625600165525215,
0.1279893211832161,
0.3009063030793538,
0.13344442753789837,
0.25022321522514074,
0.5489805184851287,
0.5037444963706657,
0.8575293892547062,
0.3433060706724328,
0.13054203770968115,
0.32901089506814574,
0.08443168012106692,
0.4357995130439836,
0.5113144412272923,
0.3560967266781202,
0.778066466194318,
0.18995015576403046,
0.12192420894739375,
0.3307488726231478,
0.0,
0.7113950912067231,
0.5718835185493002,
0.48543847578753685,
0.25278218823563187,
0.3619295066460163,
0.4811493400691078,
0.12162588520600429,
0.09288960224295761,
0.32291934580957643,
0.5360736760376453,
0.9777087377408353,
0.26640361521462724,
0.41978314215913426,
0.17871342178071986,
0.27151483990754033,
0.35923391521678544,
0.4126867159393211,
0.45125420554902873,
0.17289045753545665,
0.3086136267784671,
0.09836927428576422,
0.10056853208394004,
0.0838585136216721,
0.0,
0.2838578167835422,
0.10536970870444012,
0.08368338687360091,
0.5695368161094838,
0.3908476995363664,
0.51801700757238,
0.30406175648023515,
0.423803732451135,
0.462834381961104,
