0.26768462080648886,
0.3806487604502136,
0.0,
0.13472156941435023,
0.4848780812474686,
0.3604657462441508,
0.0,
0.18594501427701693,
0.3118646128916397,
0.557206775042322,
0.38731351512926143,
0.0,
0.738923383291386,
0.2239242039090102,
0.37367917824234786,
0.23146825635355966,
0.037060899450083895,
0.3125068838287331,
0.15705144278164823,
0.3086842013671849,
0.32150275040694853,
0.4020904244980465,
0.0,
0.2557205246195492,
0.26506960441501676,
0.31901584434369057,
0.34802937233755565,
0.5529470297717028,
0.6175409580164316,
0.36810094011937056,
0.3003696564572048,
0.5588704861507438,
0.47330368696115854,
0.0068045016759620824,
0.2756837015006552,
0.06972935789167617,
0.3407408898048125,
0.2625140746588572,
0.13096148963250961,
0.32086360820848914,
0.4825292293091182,
0.2990825524061976,
0.3117088614448546,
0.36206031017340684,
0.2294375562464785,
0.48192140340559875,
0.37952776331226484,
0.38340948794468876,
0.16215540948081633,
0.0493165814162268,
0.3119657961060253,
0.04371618630864532,
0.18491859468331096,
0.19952280241842646,
0.0,
0.17636112323549763,
0.7175864707716006,
0.2889135687607335,
0.3564537024910559,
0.4796324065126032,
0.3809879538916914,
0.24754435962841914,
0.3061946574193688,
0.5850666402731372,
0.45260628805186964,
0.5930612592612895,
0.3014361815152471,
0.4701057836552628,
0.36099108642407196,
0.09711868192048584,
0.6170947822402362,
0.39925365137865737,
0.13378283903531962,
0.19203485979157267,
0.4498596830057828,
0.29310820178112834,
0.382335756963997,
0.5213501951528068,
0.5472603377946892,
0.38942352172203587,
0.3850886015047813,
0.6591790105973838,
0.3919053912095455,
0.2549500197946864,
0.46606424690061393,
0.10193392217175565,
0.2804588769236864,
0.17775533358538836,
0.33266943063783055,
0.25986342121808015,
0.703288993548977,
0.05462418820869666,
0.0,
0.4578149967401768,
0.6367155059179987,
0.7258776471356749,
0.44146065952974656,
0.15016132183874276,
0.14212764140518774,
0.17829740253270146,
