0.26768462080648886,
0.3806487604502136,
0.0,
0.13472156941435023,
0.4848780812474686,
0.3604657462441508,
0.0,
0.18594501427701693,
0.3118646128916397,
0.557206775042322,
0.38731351512926143,
0.0,
0.738923383291386,
0.2239242039090102,
0.37367917824234786,
0.23146825635355966,
0.037060899450083895,
0.3125068838287331,
0.15705144278164823,
0.3086842013671849,
0.32150275040694853,
0.4020904244980465,
0.0,
0.2557205246195492,
0.26506960441501676,
0.31901584434369057,
0.34802937233755565,
0.5529470297717028,
0.6175409580164316,
0.36810094011937056,
0.3003696564572048,
0.5588704861507438,
0.47330368696115854,
0.0068045016759620824,
0.2756837015006552,
0.06972935789167617,
0.3407408898048125,
0.2625140746588572,
0.13096148963250961,
0.32086360820848914,
