0.37213175793272363,
0.22282988099830298,
0.47396059094741666,
0.6217245206186082,
0.5474260998928481,
0.6330891534623658,
0.5154240501414319,
0.49070459601167593,
0.33291585408083957,
0.26192246344363207,
0.8693815185868432,
0.48642982320920874,
0.4783084006943267,
0.4347520832821007,
0.6737256941435043,
0.46379528690723176,
0.4041050333066526,
0.598658010731795,
0.7278293503430295,
0.6600637691021106,
0.3912962082795662,
0.48577051469836785,
0.6119309926773802,
0.1669509099149366,
0.6091640364098263,
0.6457750360522828,
0.7260227376845823,
0.6243938645754677,
0.575807857669581,
0.3620962231090753,
0.7443890461560894,
0.28749386486167844,
0.5860014683487029,
0.4324754756543613,
0.5515924735865365,
0.42206696127468696,
0.3267065548931831,
0.2226820854733676,
0.32281019838756075,
0.40902270812309793,
0.3936063120640742,
0.4672753397538039,
0.4950780999752368,
0.3571757248304898,
0.3506717569866262,
0.6515892049951924,
0.22939710235848493,
0.298269663696046,
0.3904503245835322,
0.5197114026605253,
0.541381490081606,
0.6088219557758281,
0.6703770696666961,
0.5235563218300322,
0.4248333030305259,
0.3824086458368,
0.383145546346699,
0.2096672971961736,
0.2986432819805265,
0.7941758616771402,
0.5593473912756141,
1.0,
0.5305979015612041,
0.3059996372270042,
0.6669122019377886,
0.5544726820857602,
0.2698651574569638,
0.6999574042666148,
0.23926627330254663,
0.7375132145623174,
0.04944709059841218,
0.6131995877730825,
0.10214665565339609,
0.48381091787536074,
0.5700646085473529,
0.2774918558275425,
0.4194573583861597,
0.5355244654825462,
0.029904969674048487,
0.6128418336215231,
0.5646249924160701,
0.5370545971481949,
0.3574576703877447,
0.14056788871558146,
0.2537132397225156,
0.5330702064979775,
0.5511421427677705,
0.2664876227744831,
0.5277022229076305,
0.36294382968578587,
0.33379819433969504,
0.8387364172328079,
0.4330219382615565,
0.778791008458508,
0.6228135243067048,
0.5933636969735406,
0.4344267050978019,
0.2506700858494066,
0.3302347311968864,
0.5395990427742938,
