0.37213175793272363,
0.22282988099830298,
0.47396059094741666,
0.6217245206186082,
0.5474260998928481,
0.6330891534623658,
0.5154240501414319,
0.49070459601167593,
0.33291585408083957,
0.26192246344363207,
0.8693815185868432,
0.48642982320920874,
0.4783084006943267,
0.4347520832821007,
0.6737256941435043,
0.46379528690723176,
0.4041050333066526,
0.598658010731795,
0.7278293503430295,
0.6600637691021106,
0.3912962082795662,
0.48577051469836785,
0.6119309926773802,
0.1669509099149366,
0.6091640364098263,
0.6457750360522828,
0.7260227376845823,
0.6243938645754677,
0.575807857669581,
0.3620962231090753,
0.7443890461560894,
0.28749386486167844,
0.5860014683487029,
0.4324754756543613,
0.5515924735865365,
0.42206696127468696,
0.3267065548931831,
0.2226820854733676,
0.32281019838756075,
0.40902270812309793,
0.3936063120640742,
0.4672753397538039,
0.4950780999752368,
0.3571757248304898,
0.3506717569866262,
0.6515892049951924,
0.22939710235848493,
0.298269663696046,
0.3904503245835322,
0.5197114026605253,
0.541381490081606,
0.6088219557758281,
0.6703770696666961,
0.5235563218300322,
0.4248333030305259,
0.3824086458368,
0.383145546346699,
0.2096672971961736,
0.2986432819805265,
0.7941758616771402,
