0.6858367844613538,
0.6617836278696485,
0.7516586950105905,
0.23190466539990884,
0.3404680939887646,
0.857671553879267,
0.48750572929169816,
1.0,
0.3342734986729049,
0.8015456916481221,
0.5524556908910363,
0.9010995784275375,
0.8683698122542222,
0.6950984325923617,
0.9545195285177943,
1.0,
0.5814001728737261,
0.7163350119294393,
1.0,
0.6357848150030636,
0.3783900017996298,
0.9291503108384814,
0.5489637952333013,
0.7345650022854378,
0.7437872401290434,
0.7856674588045999,
0.6338485817034389,
0.45789242552634357,
0.8455479859053749,
0.6692850280119718,
0.7048804641387934,
0.9678638547855501,
0.9149465155722948,
0.7570664596014598,
0.795681266218691,
0.8266787502610566,
0.8611506168084802,
0.7759734058209167,
1.0,
0.6825593573312927,
0.7128197792435904,
0.8194336998829086,
0.3381992223617783,
0.6675682163546857,
0.7155758234671606,
0.8392822354836647,
0.7958674991396415,
0.7101567092589988,
0.8556518169109276,
0.711693959915638,
0.7721042979602478,
0.5541427210991912,
0.6708320003364165,
0.5071569801638358,
0.7772912241030293,
0.8636222641229576,
0.7037434762708927,
1.0,
1.0,
0.5177824547230045,
0.43063584802413807,
0.44667439467429754,
0.7298357892735313,
0.595311016171253,
0.7491466718891653,
0.9548483637864764,
0.9252764677486787,
0.4522706187733173,
0.8349873855784986,
0.4915173009934657,
0.7474405313333842,
0.5515049275395074,
0.8105122021147666,
0.4323916110110217,
0.963926248881674,
0.7421413368507381,
0.9516152799159363,
0.5798110292150643,
0.572312494661153,
0.6625260803452971,
0.5664795601549849,
0.580309684969718,
0.4094568832788654,
0.7924383834626507,
0.4424245223986411,
0.7180010021350031,
0.678431701175878,
0.4759063311478017,
0.5245832634725459,
0.7062572639652523,
0.8433068032389057,
1.0,
0.822680622821505,
0.7306302248137048,
0.6028684528553571,
0.9366592103258542,
0.7512961544109564,
0.7211740941385063,
0.6651542971147253,
0.6815028656365665,
