0.33426020881761764,
0.7186152787300698,
0.6180786183198326,
0.5050115374187588,
0.9347578928919569,
0.3097098331620157,
0.8916988486496517,
0.8901100592346484,
0.5591257344458139,
0.9977990202930317,
0.6808923613373018,
0.35951002397028176,
0.911805444766328,
0.8850129448855752,
0.5295330058231925,
0.7062122796744633,
0.9455085422432834,
0.5743708589389558,
0.5337864137062863,
0.38667954406583765,
0.9407602570134976,
0.9386372679534798,
0.4474163080229441,
0.6693392071541232,
0.6640554482289518,
0.8464443286200459,
0.6557099225454694,
0.9662302579050122,
0.4970410394184494,
0.5140828809005721,
0.5707823760188528,
0.6522393937234023,
0.5965499647500447,
0.9204179620164386,
0.855870194138306,
0.737745148151129,
0.7345930018317276,
1.0,
0.621665955948235,
0.5214450300298132,
0.9381842038336901,
1.0,
0.8917766642871254,
0.3808552875641577,
0.9601005861875034,
0.8230895914460159,
0.40569975379491197,
0.736676683877512,
0.7080123689644324,
0.9485068224240834,
0.6704469321631245,
0.6678953570101009,
0.3542843997877026,
1.0,
0.8586147057318183,
1.0,
0.44614541546866665,
0.7298418775935511,
0.712558419116609,
0.7240168310044698,
0.7540084453458749,
0.7026568002923161,
0.6052220592030858,
0.869130439263966,
0.3475009303234722,
0.7681683680313999,
0.4977951072354707,
0.8354255651242847,
0.6475982493061972,
0.863158716772149,
1.0,
0.8942700813147819,
0.7287010600406024,
0.9086525885437899,
0.7214947295401682,
0.4467113555977847,
0.6810526561793161,
0.26796638526199845,
0.6553912544536336,
0.7915203510827495,
0.761213474359686,
0.7636574579306162,
0.6809813011072959,
0.8224069897916232,
0.4621147850910036,
0.8201126978989479,
0.4652948597589661,
0.8249208367804997,
0.6600901059789335,
0.9503120855385145,
0.6063614240853592,
0.7251796474556566,
0.8031362575697596,
0.670485611935397,
0.979053717176753,
0.9651892137194351,
0.5489902391725013,
0.7107811657454723,
0.6620104570396407,
0.6754583677184616,
