0.33426020881761764,
0.7186152787300698,
0.6180786183198326,
0.5050115374187588,
0.9347578928919569,
0.3097098331620157,
0.8916988486496517,
0.8901100592346484,
0.5591257344458139,
0.9977990202930317,
0.6808923613373018,
0.35951002397028176,
0.911805444766328,
0.8850129448855752,
0.5295330058231925,
0.7062122796744633,
0.9455085422432834,
0.5743708589389558,
0.5337864137062863,
0.38667954406583765,
0.9407602570134976,
0.9386372679534798,
0.4474163080229441,
0.6693392071541232,
0.6640554482289518,
0.8464443286200459,
0.6557099225454694,
0.9662302579050122,
0.4970410394184494,
0.5140828809005721,
0.5707823760188528,
0.6522393937234023,
0.5965499647500447,
0.9204179620164386,
0.855870194138306,
0.737745148151129,
0.7345930018317276,
1.0,
0.621665955948235,
0.5214450300298132,
