0.5697152376385548,
0.4809322710994777,
0.5005616685034614,
0.13573664072526803,
0.5925825622760548,
0.5099301305702064,
0.3812014257890653,
0.5081097517168872,
0.40035711840433286,
0.6544540894793375,
0.5642789321506646,
0.5798581893623651,
0.6622366664611642,
0.7197847277608054,
0.5645173584371107,
0.5365035023101677,
0.5135643005202023,
0.529697211072576,
0.8196351642368971,
0.9824773052669917,
0.7699160313863451,
0.4456885586943084,
0.4242545730113331,
0.5197585791044943,
1.0,
0.3038661436021761,
0.4676085518487897,
0.4308662368780968,
0.4508565494016812,
0.620981409772173,
0.9609856941667465,
0.4673611196952004,
0.17431165099631496,
0.3732193781567853,
0.4747291547621377,
0.7939453888525871,
0.48226605234962466,
0.27967607041110865,
0.739442926962686,
0.06740648417077821,
