0.5697152376385548,
0.4809322710994777,
0.5005616685034614,
0.13573664072526803,
0.5925825622760548,
0.5099301305702064,
0.3812014257890653,
0.5081097517168872,
0.40035711840433286,
0.6544540894793375,
0.5642789321506646,
0.5798581893623651,
0.6622366664611642,
0.7197847277608054,
0.5645173584371107,
0.5365035023101677,
0.5135643005202023,
0.529697211072576,
0.8196351642368971,
0.9824773052669917,
0.7699160313863451,
0.4456885586943084,
0.4242545730113331,
0.5197585791044943,
1.0,
0.3038661436021761,
0.4676085518487897,
0.4308662368780968,
0.4508565494016812,
0.620981409772173,
0.9609856941667465,
0.4673611196952004,
0.17431165099631496,
0.3732193781567853,
0.4747291547621377,
0.7939453888525871,
0.48226605234962466,
0.27967607041110865,
0.739442926962686,
0.06740648417077821,
0.852361840478751,
0.565908344233313,
0.7619537408942176,
0.23188702888444507,
0.6266562778889796,
0.5847997502572618,
0.3551373300075993,
0.7438215759090462,
0.7330945592740039,
0.527915855519976,
0.7197992660410912,
0.6262956065284164,
0.19686201217650584,
0.5518970149989519,
0.27445561936005447,
0.5546745152789189,
0.3686611390457035,
0.3989634795736148,
0.190731015740203,
0.4921159056548635,
0.2635759465544979,
0.51440444540672,
0.4328571331268191,
0.5377875902030609,
0.28736887632476343,
0.7691987609976421,
0.3978693316766999,
0.40684404156312937,
0.4999706927111426,
0.5023776945623513,
0.6191148479484245,
0.10779852126115885,
0.38853551260401653,
0.732807039379831,
0.28704774312251236,
0.4695263644236902,
0.20658514892375235,
0.6574473019310063,
0.5590594355400539,
0.6666156269026426,
