0.9775803512796801,
0.4051333587396687,
0.34555483515975693,
0.6443193889475594,
0.46845859462422673,
0.4456503119005416,
0.2580754368266542,
0.29045683357054275,
0.07145683744300468,
0.38948293684973045,
0.6397205007048393,
0.5964157657610988,
0.45665417760733795,
0.4203207775256418,
0.5854508498494002,
0.603814325293334,
0.8719566520273563,
0.5978742233359509,
0.4243295514511971,
0.48860625033975535,
0.594859131974083,
0.387230616667856,
0.5466397095054448,
0.45147251605988786,
0.5319808407610905,
0.37161494872513223,
0.424342229048957,
0.4882220325308116,
0.1855335552048234,
0.24808965333708938,
0.5224446879088215,
0.6460713402101759,
0.8823384644596591,
0.780783555571116,
0.25774338304011607,
0.4833350186189742,
0.5853706465395472,
0.7650009278746157,
0.2102224812059566,
0.5663277831778915,
0.3855828803716171,
0.29069758989743477,
0.6689319404410109,
0.5593489116425994,
0.7701207724110896,
0.32745061686857196,
0.7033920878139159,
0.06709272769511321,
0.3948592223026086,
0.2635018510990652,
0.376942768032207,
0.39981325611258467,
0.790411733766001,
0.478730955667937,
0.48236969145263575,
0.4950956493744676,
0.7712341043250576,
0.2409802654110756,
0.7078102300104397,
0.4948855459394156,
0.9687871882530406,
0.36842674059714464,
0.3429300664724716,
0.49267592928010784,
0.4888141299956806,
0.532350661104373,
0.2547626288900044,
0.4543331644759474,
0.770857599701041,
0.33566094717278655,
0.719429546038353,
0.4729533189149871,
0.8521597003375273,
0.6724314679148764,
0.4132544662279859,
0.7928187353380395,
0.21011531002971223,
0.18923490966829143,
0.1176346705453043,
0.7074339120070479,
0.602226035497932,
0.30217296116484793,
0.09262215266786711,
0.18514336479510551,
0.24531997335936834,
0.5009592052600237,
0.5863828171205656,
0.36493102386298615,
0.0,
0.4185906029553049,
0.4458606670456211,
0.31152153936083016,
0.6650418024605624,
0.5972849476307822,
0.4168683617839907,
0.3395021089039745,
0.440002115839187,
0.3276725795228044,
0.7001390475081398,
0.5186412565153345,
