0.9775803512796801,
0.4051333587396687,
0.34555483515975693,
0.6443193889475594,
0.46845859462422673,
0.4456503119005416,
0.2580754368266542,
0.29045683357054275,
0.07145683744300468,
0.38948293684973045,
0.6397205007048393,
0.5964157657610988,
0.45665417760733795,
0.4203207775256418,
0.5854508498494002,
0.603814325293334,
0.8719566520273563,
0.5978742233359509,
0.4243295514511971,
0.48860625033975535,
0.594859131974083,
0.387230616667856,
0.5466397095054448,
0.45147251605988786,
0.5319808407610905,
0.37161494872513223,
0.424342229048957,
0.4882220325308116,
0.1855335552048234,
0.24808965333708938,
0.5224446879088215,
0.6460713402101759,
0.8823384644596591,
0.780783555571116,
0.25774338304011607,
0.4833350186189742,
0.5853706465395472,
0.7650009278746157,
0.2102224812059566,
0.5663277831778915,
