0.0729777951265897,
0.24987078070485588,
0.2158115818817672,
0.2526673739899402,
0.24088979375609149,
0.22781746614271886,
0.4743047581648901,
0.1902987963121871,
0.5337207237621232,
0.4462175939456912,
0.3693458563590208,
0.03154550405754036,
0.17953087129946388,
0.3090627790002077,
0.6615617351838946,
0.33560092262837127,
0.1673857260597161,
0.4151284411048348,
0.16834939863388715,
0.44293169241623276,
0.17881476970973326,
0.166489051165523,
0.3975946942076584,
0.15101175434265965,
0.0,
0.25731976767132847,
0.49338330185852136,
0.41322895717205943,
0.47084162448400807,
0.1346899709408432,
0.40573583736996405,
0.2214772865127279,
0.6406483197461422,
0.2240326679060704,
0.15360590117289988,
0.017377537901437923,
0.5831225902375288,
0.1691843105168199,
0.20209428616267067,
0.47493050607810017,
