0.0729777951265897,
0.24987078070485588,
0.2158115818817672,
0.2526673739899402,
0.24088979375609149,
0.22781746614271886,
0.4743047581648901,
0.1902987963121871,
0.5337207237621232,
0.4462175939456912,
0.3693458563590208,
0.03154550405754036,
0.17953087129946388,
0.3090627790002077,
0.6615617351838946,
0.33560092262837127,
0.1673857260597161,
0.4151284411048348,
0.16834939863388715,
0.44293169241623276,
0.17881476970973326,
0.166489051165523,
0.3975946942076584,
0.15101175434265965,
0.0,
0.25731976767132847,
0.49338330185852136,
0.41322895717205943,
0.47084162448400807,
0.1346899709408432,
0.40573583736996405,
0.2214772865127279,
0.6406483197461422,
0.2240326679060704,
0.15360590117289988,
0.017377537901437923,
0.5831225902375288,
0.1691843105168199,
0.20209428616267067,
0.47493050607810017,
0.4460419624841335,
0.4064063902723702,
0.6035589636252161,
0.08663805655671858,
0.6084794627154074,
0.2702958080237265,
0.19846447130943484,
0.35075465530362276,
0.46802408829205827,
0.360015301310371,
0.6748522243470387,
0.5387286164827773,
0.4183092875634726,
0.1303308329643781,
0.26780085688644384,
0.2275925557774981,
0.10138669600836123,
0.0,
0.48327850373019776,
0.34638588214063043,
0.3908240622591751,
0.47849985514030213,
0.2708999390278159,
0.30752119914410253,
0.5508885485112985,
0.0065145833017394295,
0.2563351121646572,
0.13970058636727217,
0.2307554706839473,
0.2470975474966192,
0.4166126062091726,
0.5052608501200352,
0.39110996117588537,
0.32111702463343933,
0.2433358861481505,
0.19840545028882578,
0.5511421502568119,
0.6814203006493091,
0.40369513223787445,
0.33897940220418077,
