0.3828197905077645,
0.10910352311380223,
0.1369019142696269,
0.8720170062134192,
0.11199412651993937,
0.22202225951237808,
0.12094169436994842,
0.31240432653240957,
0.25708735717117454,
0.0,
0.062348508185733315,
0.6536372633456753,
0.28806561605143616,
0.4739278944076849,
0.0,
0.2908793194302206,
0.6522927176735202,
0.42450907048299746,
0.13259205164287025,
0.4813420754318334,
0.24592205202477677,
0.2702760494916786,
0.5184255703333254,
0.5957754825136709,
0.4515088378421994,
0.2218636465563379,
0.206065510327005,
0.0,
0.015058319221022076,
0.6282854822695518,
0.5650978395696237,
0.2510440888251114,
0.2722942010311382,
0.4414234903259604,
0.5061305228443643,
0.42944868467717034,
0.49327855369717455,
0.3030981471191803,
0.22536709105309077,
0.5201252049949734,
0.2861149891251337,
0.3479498728386544,
0.2915272399748096,
0.19576268902558314,
0.0,
0.1847010199622795,
0.3493031018397508,
0.07129806951974033,
0.47121454848652217,
0.0,
0.10756706145282283,
0.35455380112510804,
0.17901071059039525,
0.22647861716129442,
0.20088022646786347,
0.33676166824471404,
0.35511843054032927,
0.5229649507732653,
0.38784265518888,
0.647320339889903,
0.3387064317269594,
0.2590539997062422,
0.10827945810793574,
0.0,
0.29135638239685846,
0.0,
0.41387552028249225,
0.13080780197019387,
0.0113259354061363,
0.5043807312174646,
0.18663365902111867,
0.3330159951049339,
0.27232531676253136,
0.4469233886412427,
0.5672861954360416,
0.1957446153379029,
0.5289860351307841,
0.16501632340078778,
0.4846236397821603,
0.39972919542747676,
