0.1639044772374887,
0.707851849920198,
0.5958008106835018,
0.839473647355587,
0.34748144937132847,
0.2963970039566918,
0.36845700717213603,
0.4687871091727518,
0.5570188137983252,
0.4063480872592204,
0.0684129814600341,
0.6704591233665289,
0.9683968789986297,
0.47864583244389425,
0.43786811306277196,
0.8933114185424622,
0.4945921698354871,
0.8013833314928969,
0.5025073120789805,
0.6164157366193127,
0.6506666081829838,
0.45574179070986287,
0.24238104812775713,
0.14253355261105227,
0.6725023673431072,
0.5634039648236945,
0.6632800473930213,
0.3503476915725203,
0.48177231362244766,
0.48561239486700203,
0.8514589355032185,
0.4697253384321453,
0.4723012419714362,
0.3836312422925064,
0.582468613555001,
0.6120475636709608,
0.46533218131483994,
0.6948891619086772,
0.2636733802023399,
0.6060675633829328,
