0.1639044772374887,
0.707851849920198,
0.5958008106835018,
0.839473647355587,
0.34748144937132847,
0.2963970039566918,
0.36845700717213603,
0.4687871091727518,
0.5570188137983252,
0.4063480872592204,
0.0684129814600341,
0.6704591233665289,
0.9683968789986297,
0.47864583244389425,
0.43786811306277196,
0.8933114185424622,
0.4945921698354871,
0.8013833314928969,
0.5025073120789805,
0.6164157366193127,
0.6506666081829838,
0.45574179070986287,
0.24238104812775713,
0.14253355261105227,
0.6725023673431072,
0.5634039648236945,
0.6632800473930213,
0.3503476915725203,
0.48177231362244766,
0.48561239486700203,
0.8514589355032185,
0.4697253384321453,
0.4723012419714362,
0.3836312422925064,
0.582468613555001,
0.6120475636709608,
0.46533218131483994,
0.6948891619086772,
0.2636733802023399,
0.6060675633829328,
0.9584444135110186,
0.5094941916559206,
0.3712412843902459,
0.7239152868451967,
0.09790329944869247,
0.6153149344347649,
0.40882109339343614,
0.40388358441794253,
0.19030766074705024,
0.47096478533856395,
0.7230699031131788,
0.37983943248244056,
0.5305279429241238,
0.5238403489260098,
0.44274364611516,
0.5761737630926638,
0.2389304212296971,
0.49624413828744535,
0.3717627289989075,
0.4133420390923441,
0.5226321362687505,
0.4625917737415875,
0.5891770005877763,
0.25725560194641317,
0.31746853512816314,
0.3291835173987301,
0.6722946749783489,
0.7336896360973738,
0.20373896395940105,
0.4562431765475325,
0.5611672182189988,
0.8036001694198234,
0.48121699907350857,
0.10297182090513057,
0.2414961042500926,
0.7240411681903903,
0.5033440519276292,
0.7902999604631584,
0.5134073508320619,
0.4898133013691061,
