0.45367833171284216,
0.42991955786847574,
0.3053843292683376,
0.5180998435341341,
0.5698374515025352,
0.510164542541514,
0.6654351234579006,
0.4308519325081773,
0.38621272955318264,
0.3283040846838261,
0.4639444942361599,
0.2912746117475129,
0.5296845188263813,
0.3259482804973055,
0.18619638422486323,
0.653407232797043,
0.4777396600922669,
0.5917982839434537,
0.25979271960080397,
0.5533893337173169,
0.6806263438695902,
0.5206297975604502,
0.7080219122912494,
0.5932159287120053,
0.5325384518478845,
0.5320281610466882,
0.326298813635348,
0.8417649453269316,
0.38423782358453357,
0.6266667376647883,
0.627842067963257,
0.4419271250493511,
0.438019807190156,
0.4452076889544916,
0.38293116868553656,
0.48817566164841153,
0.7183458787404493,
0.5073742908725465,
0.6401160143540592,
0.41343909322931005,
0.46281975237290257,
0.7375403144638832,
0.681834469412811,
0.5747283345592463,
0.69484722399364,
0.33607610421190626,
0.4826856749949514,
0.6319990415373219,
0.5007735574197786,
0.3401711652128374,
0.9042166939208461,
0.9732524656278272,
0.3286234235986992,
0.12434521747574095,
0.6529657584049375,
0.463931759790564,
0.6065322071939687,
0.6327276857044937,
0.35118819015297786,
0.35700333302016807,
0.2206061511071823,
0.7196113006605537,
0.4542867307624586,
0.8755483323385418,
0.4201820118641957,
0.4229903481155605,
0.5072791500818042,
0.3876460388816839,
0.5195180958070231,
0.4998197327778122,
0.4135509087856989,
0.24237449397650052,
0.5809054636004185,
0.27412289524395783,
0.38081790321344355,
0.7172639509598118,
0.5367786671608914,
0.3540948604489168,
0.3810790397569106,
0.1811668714208277,
0.3959001682299279,
0.6664535204650264,
0.7417154972183052,
0.5764451157811951,
0.2193278392662507,
0.6276653520748363,
0.555183639153585,
0.3925437825103552,
0.4688440720948848,
0.6374523143721108,
0.25482890128479385,
0.6757203021345057,
0.32351010407671943,
0.5033871042955581,
0.7440054620086592,
0.38761219752748755,
0.5313555593618319,
0.6708245135496684,
0.7488741877480283,
0.17958671352854483,
