0.45367833171284216,
0.42991955786847574,
0.3053843292683376,
0.5180998435341341,
0.5698374515025352,
0.510164542541514,
0.6654351234579006,
0.4308519325081773,
0.38621272955318264,
0.3283040846838261,
0.4639444942361599,
0.2912746117475129,
0.5296845188263813,
0.3259482804973055,
0.18619638422486323,
0.653407232797043,
0.4777396600922669,
0.5917982839434537,
0.25979271960080397,
0.5533893337173169,
0.6806263438695902,
0.5206297975604502,
0.7080219122912494,
0.5932159287120053,
0.5325384518478845,
0.5320281610466882,
0.326298813635348,
0.8417649453269316,
0.38423782358453357,
0.6266667376647883,
0.627842067963257,
0.4419271250493511,
0.438019807190156,
0.4452076889544916,
0.38293116868553656,
0.48817566164841153,
0.7183458787404493,
0.5073742908725465,
0.6401160143540592,
0.41343909322931005,
