0.505132589950141,
0.8272268313416703,
0.42362416393754626,
0.5874732265489118,
0.32669873391829074,
0.4785526819918614,
0.731642121454494,
0.5026221080144179,
0.5771580037816713,
0.5940811027198798,
0.8597266275366662,
0.22447700913354363,
0.5227539147443171,
0.3568409923228677,
0.4527334848605812,
0.3641393001068861,
0.30300910035208317,
0.5088599680996495,
0.2748893593341293,
0.5615675782666341,
0.7768664252399572,
0.9297708570010117,
0.7834357422173165,
0.5900357796742632,
0.26802261238430525,
0.38091933197197336,
0.7350657977626145,
0.3114771621916157,
1.0,
0.36503602180755657,
0.5288466424729896,
0.499682595907474,
0.5867167545652685,
0.39258428470169493,
0.0,
0.38165654555039263,
0.35542278403761735,
0.4545445622483944,
0.20650352510321263,
0.8316334110020416,
0.6306165265669345,
0.5601081931271934,
0.5366398735898501,
0.7401542149899567,
0.5345750815810575,
0.1698781945295728,
0.5628564518281565,
0.4661969162088882,
0.472818702647947,
0.7958903553419299,
0.6946194474375585,
0.5190036859571597,
0.4562461370036879,
0.6108058928177141,
0.6688535564658116,
0.173521039689631,
0.20790008809224203,
0.3281221749446138,
0.4046474559970886,
0.509662528288787,
