0.5604854287973796,
0.6086589464410378,
0.7763241180901228,
0.867284916524591,
0.5243649518967536,
0.7416993130469625,
0.8872161173376505,
0.5401603213785948,
0.58052090774708,
0.46109532122359725,
1.0,
0.34213954162525595,
1.0,
0.4461388572774274,
0.7173838583066098,
0.7249929480260549,
0.36933921938287156,
0.7780628506219902,
0.8803924145538484,
0.6774571136451779,
0.35630000920056376,
1.0,
0.7300204702795396,
0.8527797050029259,
0.5877958382969302,
0.8437720173215916,
0.7540262587856298,
0.7988601923502161,
0.7031367355548765,
0.8235746731076022,
1.0,
0.9543559245703259,
0.8047224399292098,
0.7864184144706268,
0.9065350444573,
0.9636380092832956,
0.6976888887110764,
0.722136833083043,
0.4895608877918173,
1.0,
0.684905565707881,
0.7024312197967527,
0.8758751876775486,
0.6128946619773996,
0.7311535428452736,
0.9411933760914464,
0.3672461160680824,
0.9221039394424416,
0.8551685765103053,
0.6637526720912768,
1.0,
0.9060052271620906,
0.7148003011343276,
1.0,
0.5463444755346211,
0.31403275469144565,
0.35256258391697387,
0.3992305058934613,
0.49020485576735107,
0.7534792202836696,
0.5886378625871156,
0.4801264902763117,
0.6656445017985856,
0.5799960986300264,
0.74623014729933,
0.5333265942120119,
0.470189977905095,
0.7902410556860092,
0.6883775120281679,
0.6848122717738176,
0.893770175161477,
0.8429427925104964,
0.6697794421444799,
0.8308023681565018,
0.8538168604355246,
0.6492481751658208,
0.6281114229455894,
0.5054411211111729,
0.7936278925351694,
0.4808504922907557,
0.7143944348707326,
0.640976894181774,
0.7115971965105027,
0.7231140954251216,
0.14053065149179744,
0.6758117956077986,
0.11835033993193311,
0.8300294144392155,
0.3579365365346593,
0.776096751156756,
0.5533275377166634,
0.773588847461913,
0.5140275949914559,
0.5741914081618009,
0.3454827365684443,
0.7638232167352291,
0.4654128825775198,
0.8980791382802533,
0.9588926230746874,
0.7333337788645576,
