0.5604854287973796,
0.6086589464410378,
0.7763241180901228,
0.867284916524591,
0.5243649518967536,
0.7416993130469625,
0.8872161173376505,
0.5401603213785948,
0.58052090774708,
0.46109532122359725,
1.0,
0.34213954162525595,
1.0,
0.4461388572774274,
0.7173838583066098,
0.7249929480260549,
0.36933921938287156,
0.7780628506219902,
0.8803924145538484,
0.6774571136451779,
0.35630000920056376,
1.0,
0.7300204702795396,
0.8527797050029259,
0.5877958382969302,
0.8437720173215916,
0.7540262587856298,
0.7988601923502161,
0.7031367355548765,
0.8235746731076022,
1.0,
0.9543559245703259,
0.8047224399292098,
0.7864184144706268,
0.9065350444573,
0.9636380092832956,
0.6976888887110764,
0.722136833083043,
0.4895608877918173,
1.0,
