0.6299137680499931,
0.3584947656635539,
0.5978132501480725,
0.19412794641063014,
0.2917139238332963,
0.32448537220795537,
0.426332764611996,
0.2918798768339274,
0.6291483261311261,
0.006028789416439417,
0.16797523361901237,
0.0,
0.0,
0.12099360571576664,
0.3711188317893722,
0.24205015651522033,
0.8425229017867051,
0.2373230909178128,
0.0,
0.12126632227136686,
0.31421439949999613,
0.5205653509259102,
0.3445479788641013,
0.5167493773519191,
0.24244571212703303,
0.42907022387731975,
0.4081686371504055,
0.2836084543777012,
0.40397651651079036,
0.2577017610076729,
0.4204757454815579,
0.24750548243470694,
0.7388386689842878,
0.02539322112450959,
0.6774651385539807,
0.2173796621339724,
0.58588918006255,
0.21671336179787748,
0.5310900223143076,
0.45595090654824105,
0.2504556197071403,
0.0,
0.4639459181798974,
0.171620946356242,
0.40024358625542195,
0.30061976983120986,
0.35141653793818,
0.03451990356837259,
0.4074965078614993,
0.22149905625845506,
0.5463055307093989,
0.16424325456530095,
0.0,
0.1594355381266995,
0.41608034634444574,
0.04455634222512894,
0.3549007316014826,
0.07411447019951425,
0.4707965245423978,
0.4573762823641007,
0.33274591508444984,
0.32576000545376493,
0.35848220827390964,
0.05422251434504871,
0.009658200599687694,
0.5855154546649898,
0.3534416347976863,
0.6972479464813277,
0.043924209807066406,
0.35157166940513496,
0.3115459039345605,
0.2287609316184562,
0.0,
0.3962409492923692,
0.0,
0.5932972487284528,
0.12465616204085114,
0.08763324870101671,
0.15704890734199703,
0.6364646035652826,
0.17944746917093823,
0.0,
0.0,
0.0,
0.0,
0.4912878224728491,
0.36815326333181164,
0.27163409655651155,
0.25335508814465757,
0.17602553572120586,
0.48859005819926266,
0.2189546240936993,
0.10532220202664172,
0.34756238154783714,
0.40016387451286195,
0.8096990518169507,
0.11201394880682097,
0.372765401058237,
0.11668394687865469,
0.29617641336970035,
