0.7994023007534715,
0.6562024010628678,
0.6774919325489578,
0.8227077835974804,
0.9806537240710889,
0.9592056779888454,
0.5018375106055669,
0.7498077839430156,
0.6395010373003079,
0.9789590569644115,
0.5746300936017573,
0.7718892892845235,
0.47617761795260755,
0.49211771170326857,
0.8343724586335834,
0.3296850549469561,
0.5493792606943715,
0.8943003553932737,
0.9356667142804918,
0.4901812908015598,
0.936109334526254,
0.23114748876919428,
0.7641076561636982,
0.7646209072806437,
0.6805350946321477,
1.0,
0.5992100175508567,
1.0,
0.6865503201925632,
0.5352366270357564,
0.6944375541459451,
0.6391155500035464,
0.6298168660787907,
0.7291090629083716,
0.7408043139843392,
0.3218335472024229,
0.6218333045491955,
0.7228398817478242,
0.973284300568381,
0.7000803181577411,
0.5767959619075247,
0.6650680192386347,
0.6414056008913203,
0.5702925485316244,
0.6381355610417155,
0.9324508698391369,
0.4866486346341418,
0.3967878746346255,
0.6559083429799922,
1.0,
0.4606805713676072,
0.7849230635089979,
0.44605122194500274,
0.4409461196593065,
0.9937385236011704,
0.43973320226406853,
0.7820157936036964,
0.846783301200323,
1.0,
0.8362634557386667,
