0.5762370509911616,
0.46896934195498186,
1.0,
0.6762513026397153,
0.3015153540058657,
0.5244843790021272,
0.5483465637725008,
0.0,
0.4640718615437238,
0.6876950280800779,
0.6314058697880331,
0.5448641367851333,
0.6708109657204085,
0.23073891248180606,
0.3764620427591229,
0.4455018110818903,
0.29708347263030244,
0.4342079419822339,
0.45354571463236387,
0.6521045256830061,
0.3291147170180529,
0.5999387121589455,
0.4270496554916118,
0.00644980509391907,
0.6486544177577978,
0.3831606610943875,
0.4507774263110523,
0.5178027325609367,
0.424463234292559,
0.313327256331149,
0.3455561580944543,
0.3808113298559395,
0.6311234563904838,
0.8159932640804162,
0.616540389992146,
0.5726227797573868,
0.44789817509027346,
0.26037053201939386,
0.5509335477429157,
0.31509686970835016,
