0.5762370509911616,
0.46896934195498186,
1.0,
0.6762513026397153,
0.3015153540058657,
0.5244843790021272,
0.5483465637725008,
0.0,
0.4640718615437238,
0.6876950280800779,
0.6314058697880331,
0.5448641367851333,
0.6708109657204085,
0.23073891248180606,
0.3764620427591229,
0.4455018110818903,
0.29708347263030244,
0.4342079419822339,
0.45354571463236387,
0.6521045256830061,
0.3291147170180529,
0.5999387121589455,
0.4270496554916118,
0.00644980509391907,
0.6486544177577978,
0.3831606610943875,
0.4507774263110523,
0.5178027325609367,
0.424463234292559,
0.313327256331149,
0.3455561580944543,
0.3808113298559395,
0.6311234563904838,
0.8159932640804162,
0.616540389992146,
0.5726227797573868,
0.44789817509027346,
0.26037053201939386,
0.5509335477429157,
0.31509686970835016,
0.42314589294786686,
0.35811295034440416,
0.37474256059055294,
0.27603082800227363,
0.27723740640741185,
0.27104535187225454,
0.30905620678977686,
0.695420462050993,
0.4969126510726683,
0.526712926936501,
0.4174984312926144,
0.6719103544981927,
0.8269183495425139,
0.4625641777876782,
0.6309422467021389,
0.1542667802476621,
0.48382413529573576,
0.4882119455828372,
0.5303464036204052,
0.36925859429517527,
