0.8195119302771231,
0.5678838272273742,
0.3657030114632349,
0.7898576399985867,
0.5572681923833893,
0.6957968994137299,
0.4487175154660789,
0.16644789882628475,
0.7500752608396138,
0.8324788478045615,
0.5789426881142057,
0.9444993260759659,
0.07588286039525216,
0.6507216647103395,
0.7522880213462226,
1.0,
0.7074333956698994,
0.7814422921328338,
0.33382063556752356,
0.7435710533994616,
0.4488608829909641,
0.8529585013172627,
0.736050853693241,
0.5338267189289313,
0.4819523628635116,
0.559341631296802,
0.8553868525646795,
0.6623313239422625,
0.5564976664955819,
0.4511967737026269,
0.5127495801913496,
0.7421463858281465,
0.590562831983113,
0.6871588936799561,
0.5132189732474066,
0.7292009307946689,
0.8292814699622048,
0.5351561872487649,
0.7119356335178991,
0.48897365597728676,
0.7658399291586868,
0.6186781513710669,
0.8498212672954875,
0.3396911782807786,
0.7624489407081537,
0.621229156402492,
0.6242378725216167,
0.517001274020569,
0.5226781324850777,
0.6247891124390326,
0.6290637850110327,
0.8080971244259715,
0.8919589723680688,
0.6157116471992997,
0.38501662711285195,
0.6837422577617961,
0.9862052469581507,
0.6217227698826826,
0.7430672848211269,
0.5691044243105028,
0.7164394548605979,
0.5130503114456268,
0.5226363276805347,
0.8904344198554973,
0.8715105269719678,
0.4375814707478482,
0.7010217600036146,
0.7299754688050895,
1.0,
0.6287069085072875,
0.6766018082669236,
0.7493398088637331,
0.5645052461899621,
0.7770082138522708,
0.6220350487279224,
1.0,
0.2371036695830182,
0.921969472176337,
0.6157264847528064,
0.7708443575117873,
0.5542327804391446,
0.5800037300612568,
0.8558735441872458,
0.7132299150177368,
0.9267000737424356,
0.5930118381131702,
0.6014460976512643,
0.7005286081124085,
0.9231490279494357,
1.0,
0.8152737585989566,
0.7935261339495439,
0.5784227476521984,
0.3838504766905496,
0.9196362775659044,
0.4735530841175778,
1.0,
0.6275289889647322,
0.7302117265566336,
0.40395045120920303,
