0.8195119302771231,
0.5678838272273742,
0.3657030114632349,
0.7898576399985867,
0.5572681923833893,
0.6957968994137299,
0.4487175154660789,
0.16644789882628475,
0.7500752608396138,
0.8324788478045615,
0.5789426881142057,
0.9444993260759659,
0.07588286039525216,
0.6507216647103395,
0.7522880213462226,
1.0,
0.7074333956698994,
0.7814422921328338,
0.33382063556752356,
0.7435710533994616,
0.4488608829909641,
0.8529585013172627,
0.736050853693241,
0.5338267189289313,
0.4819523628635116,
0.559341631296802,
0.8553868525646795,
0.6623313239422625,
0.5564976664955819,
0.4511967737026269,
0.5127495801913496,
0.7421463858281465,
0.590562831983113,
0.6871588936799561,
0.5132189732474066,
0.7292009307946689,
0.8292814699622048,
0.5351561872487649,
0.7119356335178991,
0.48897365597728676,
