0.41021100702647606,
0.4067278828182853,
0.3357526608048059,
0.43503361622839265,
0.5660454054467592,
0.5012260172574065,
0.245914899779691,
0.48789188078241735,
0.47819084579038323,
0.4566211667009736,
0.6056956689618902,
0.3448556852908323,
0.5564204434966946,
0.6219260409153025,
0.8129781159423974,
0.4817518862598064,
0.7097796466130945,
0.6268645116658169,
0.3202533986745879,
0.7333952203644886,
0.7010177429505571,
0.6679050820466211,
0.28612107656612584,
0.03382538350113257,
0.7572153869863751,
0.5051050749909699,
0.17094117013371585,
0.6092303792648301,
0.8985063817884407,
0.5678209227281864,
0.3264134439558789,
0.7130748948298175,
0.5467365004526116,
0.3914713370540235,
0.3808374067280674,
0.34979981138761185,
0.4660629586544509,
0.400202229734953,
0.6455885243187265,
0.6336362016850291,
