0.47530770582463777,
0.4317604043738734,
0.26582711953012794,
0.41997186152486277,
0.34465008798694,
0.24935207837087,
0.4018931014609755,
0.5934546964724045,
0.5177352516339682,
0.33530366253804467,
0.3863338453068206,
0.586340613235426,
0.20124204613420965,
0.24531996235907355,
0.18533731134441855,
0.26927922856605885,
0.13306605819151957,
0.3107169201547885,
0.17813553920715314,
0.16683892287167665,
0.09227755594378609,
0.5857864406894661,
0.433406534196651,
0.0,
0.664127904074328,
0.35226993308836235,
0.11508279000337682,
0.382958410199113,
0.5934792143771777,
0.3170842495793723,
0.6491849839853596,
0.4608100967501213,
0.01638744267709913,
0.2773004801763048,
0.18190408356607418,
0.06374776255366543,
0.511288858932556,
0.30234691979300116,
0.061524625543824596,
0.10349427576004089,
0.19251395068116783,
0.2233499178566638,
0.8621817474274196,
0.0,
0.3960366203885168,
0.3868760986124227,
0.22348653778270333,
0.17309228828555728,
0.22849831013782496,
0.2195750654844321,
0.3416607312942135,
0.506304444443847,
0.18787976206244128,
0.2537877687030557,
0.061133247345786956,
0.4141062888219309,
0.46366822855881357,
0.9122389864558687,
0.4280048642185363,
0.1910456490315886,
0.05911750363715959,
0.6318874369151826,
0.4521290717071228,
0.1827087684955746,
0.3420942017331837,
0.1996472978889366,
0.36680234827544383,
0.0,
0.25531300663127315,
0.3965330895034582,
0.2941872249113296,
0.0,
0.37258083663466013,
0.16312637252335152,
0.1188649298729473,
0.4367897826399201,
0.3714631428304008,
0.2831141953675691,
0.13295416148807654,
0.2783212067865224,
0.3319719132351388,
0.5366041284601112,
0.48099194105484777,
0.30511279456045415,
0.3403042346155974,
0.31642261338200706,
0.15549728469438467,
0.41145286304694756,
0.08241018234193909,
0.347630924207131,
0.43302821382710655,
0.8801186112567079,
0.10000737013643607,
0.4443480997135839,
0.5083632454469185,
0.1983061584860295,
0.726710457861247,
0.35996472607962665,
0.09273543952674401,
0.1084099013436613,
