0.47530770582463777,
0.4317604043738734,
0.26582711953012794,
0.41997186152486277,
0.34465008798694,
0.24935207837087,
0.4018931014609755,
0.5934546964724045,
0.5177352516339682,
0.33530366253804467,
0.3863338453068206,
0.586340613235426,
0.20124204613420965,
0.24531996235907355,
0.18533731134441855,
0.26927922856605885,
0.13306605819151957,
0.3107169201547885,
0.17813553920715314,
0.16683892287167665,
0.09227755594378609,
0.5857864406894661,
0.433406534196651,
0.0,
0.664127904074328,
0.35226993308836235,
0.11508279000337682,
0.382958410199113,
0.5934792143771777,
0.3170842495793723,
0.6491849839853596,
0.4608100967501213,
0.01638744267709913,
0.2773004801763048,
0.18190408356607418,
0.06374776255366543,
0.511288858932556,
0.30234691979300116,
0.061524625543824596,
0.10349427576004089,
