0.6281814078951712,
0.7252071788914746,
0.6079425983147755,
0.6150449814814029,
0.42334825393205144,
0.464067239751543,
0.10424627359711963,
0.31652739907567184,
0.5231613818034159,
0.7864446712065907,
0.7902567407742203,
0.7541507458758998,
0.302629057119027,
0.4731210988132116,
0.6180563757102497,
0.41575010792458844,
0.2325355858909433,
0.7490095195153099,
0.43593801279884103,
0.5242936630329539,
0.37524811141745285,
0.34965128097135123,
0.5200340607096497,
0.5802520482672384,
0.549426930977421,
0.34459629930390323,
0.4960380534678956,
0.8517125021749055,
0.7366103618237712,
0.5562325141663934,
0.49742771312245276,
0.3976009930174403,
0.6032168107371212,
0.6658256694144811,
0.5373794091552381,
0.2905676665717174,
0.7081441433282791,
0.5478394206026342,
0.5326562390642338,
0.6678305512202809,
0.4735396245019253,
0.37382491474917184,
0.4735302304992097,
0.7672865386697032,
0.5439734402342912,
0.3262583772507406,
0.5814870800488424,
0.824657359339104,
0.9112471860202804,
0.30619705221008386,
0.26965375301204586,
0.4550939824954061,
0.7560719219402525,
0.10248643989210238,
0.5704174776885519,
0.8253207032154684,
0.648955466915397,
0.5770267290810571,
0.30607993556629265,
0.39062611661024027,
0.4281913202319749,
0.6337958709520359,
0.3238320975540875,
0.6293511947469319,
0.355329782417653,
0.22942153749458916,
0.9719502726394049,
0.5639121074987837,
0.41093159004153423,
0.6426741381289647,
0.5491039700217053,
1.0,
0.5090274974187511,
0.6587915214828273,
0.21963832241863096,
0.6591928598978741,
0.3502837930487468,
1.0,
0.45948221368090797,
0.35150522894837766,
0.30094339715223906,
0.4389433072891429,
0.8516650957130985,
0.3469392883490394,
0.4844598165043946,
0.49619596886100914,
0.46943215499918695,
0.519756687217899,
0.4852327727402081,
0.5734810675701711,
0.26333418906865125,
0.384977518884179,
0.8183802241084368,
0.8696365684106643,
0.3106592803993123,
0.7021756159279116,
0.03598319442207776,
0.6680946325447041,
0.5557189670214524,
0.3944448894359948,
