0.6281814078951712,
0.7252071788914746,
0.6079425983147755,
0.6150449814814029,
0.42334825393205144,
0.464067239751543,
0.10424627359711963,
0.31652739907567184,
0.5231613818034159,
0.7864446712065907,
0.7902567407742203,
0.7541507458758998,
0.302629057119027,
0.4731210988132116,
0.6180563757102497,
0.41575010792458844,
0.2325355858909433,
0.7490095195153099,
0.43593801279884103,
0.5242936630329539,
0.37524811141745285,
0.34965128097135123,
0.5200340607096497,
0.5802520482672384,
0.549426930977421,
0.34459629930390323,
0.4960380534678956,
0.8517125021749055,
0.7366103618237712,
0.5562325141663934,
0.49742771312245276,
0.3976009930174403,
0.6032168107371212,
0.6658256694144811,
0.5373794091552381,
0.2905676665717174,
0.7081441433282791,
0.5478394206026342,
0.5326562390642338,
0.6678305512202809,
