0.6281814078951712,
0.7252071788914746,
0.6079425983147755,
0.6150449814814029,
0.42334825393205144,
0.464067239751543,
0.10424627359711963,
0.31652739907567184,
0.5231613818034159,
0.7864446712065907,
0.7902567407742203,
0.7541507458758998,
0.302629057119027,
0.4731210988132116,
0.6180563757102497,
0.41575010792458844,
0.2325355858909433,
0.7490095195153099,
0.43593801279884103,
0.5242936630329539,
0.37524811141745285,
0.34965128097135123,
0.5200340607096497,
0.5802520482672384,
0.549426930977421,
0.34459629930390323,
0.4960380534678956,
0.8517125021749055,
0.7366103618237712,
0.5562325141663934,
0.49742771312245276,
0.3976009930174403,
0.6032168107371212,
0.6658256694144811,
0.5373794091552381,
0.2905676665717174,
0.7081441433282791,
0.5478394206026342,
0.5326562390642338,
0.6678305512202809,
0.4735396245019253,
0.37382491474917184,
0.4735302304992097,
0.7672865386697032,
0.5439734402342912,
0.3262583772507406,
0.5814870800488424,
0.824657359339104,
0.9112471860202804,
0.30619705221008386,
0.26965375301204586,
0.4550939824954061,
0.7560719219402525,
0.10248643989210238,
0.5704174776885519,
0.8253207032154684,
0.648955466915397,
0.5770267290810571,
0.30607993556629265,
0.39062611661024027,
