0.268728963136654,
0.8958281775013841,
0.3691993251158288,
0.5882409727390445,
0.5275392722193463,
0.6729659449186383,
0.4850433362215502,
0.4407713763318588,
0.4445233148642309,
0.30853366009476413,
0.2894960179097512,
0.39650394114661824,
0.687770704774817,
0.24676176534006994,
0.3395510073223047,
0.6141071100557055,
0.485277016540866,
0.30281030128574055,
0.593995706169601,
0.5139113988481957,
0.8161572328012294,
0.733179982886487,
0.06853311359360609,
0.6145630077753444,
0.4253402083338413,
0.24199968849382775,
0.4107311861035365,
0.0,
0.26869333097732906,
0.7259921405173398,
0.5216884601644155,
0.04264298476681039,
0.6867868123408348,
0.4097309426466655,
0.22371450731634196,
0.8754111676052583,
1.0,
0.24482052113321978,
0.7274128583561037,
0.8293324534575197,
