0.268728963136654,
0.8958281775013841,
0.3691993251158288,
0.5882409727390445,
0.5275392722193463,
0.6729659449186383,
0.4850433362215502,
0.4407713763318588,
0.4445233148642309,
0.30853366009476413,
0.2894960179097512,
0.39650394114661824,
0.687770704774817,
0.24676176534006994,
0.3395510073223047,
0.6141071100557055,
0.485277016540866,
0.30281030128574055,
0.593995706169601,
0.5139113988481957,
0.8161572328012294,
0.733179982886487,
0.06853311359360609,
0.6145630077753444,
0.4253402083338413,
0.24199968849382775,
0.4107311861035365,
0.0,
0.26869333097732906,
0.7259921405173398,
0.5216884601644155,
0.04264298476681039,
0.6867868123408348,
0.4097309426466655,
0.22371450731634196,
0.8754111676052583,
1.0,
0.24482052113321978,
0.7274128583561037,
0.8293324534575197,
0.8301005918888489,
0.40930566098774585,
0.41243788526320657,
0.581359802253949,
0.4083796499383792,
0.4606591857775659,
0.5306794694753947,
0.320981855390423,
0.3813403283432781,
0.6473279006585113,
0.4640007326571786,
0.30538619049867555,
0.2786799542484204,
0.682792498692222,
0.4247941620456024,
0.6346363268542692,
0.5620586508620464,
0.7897707186578008,
0.44486953690218,
0.2330970282570291,
0.7982880716590044,
0.38368090393548004,
0.3825258448859814,
0.2818458576788263,
0.3537120039733765,
0.589805367579749,
0.3389706018733536,
0.44388551691025124,
0.5000272323918838,
0.4420227389035677,
0.15228181103536925,
0.5923502278813803,
0.32302969968538175,
0.5487393649453174,
0.10689560598588821,
0.6695182306348408,
0.4978588971408072,
0.2496852376451172,
0.34681864881629176,
0.7451760916578929,
