0.35172190972191897,
0.6579559840788051,
0.37624433543926084,
0.03292511903582135,
0.2605708039360165,
0.2844192018459256,
0.19153722612221186,
0.0,
0.33131134677202406,
0.15022560890929526,
0.15488710006619275,
0.12502952503236947,
0.047514114706134536,
0.41753554157280626,
0.1119015477163132,
0.35639151372479017,
0.22552526324531075,
0.41548973902462516,
0.5848565847681586,
0.3784950373709666,
0.5368639239183898,
0.23665617813894665,
0.1923550493277718,
0.17350015162102386,
0.4569534246802895,
0.41050178612234905,
0.3148773291473365,
0.04244890016481673,
0.17840898780182018,
0.06645524218698379,
0.4207454134228084,
0.0,
0.20245567599620834,
0.0,
0.24937346192901388,
0.13497080848612533,
0.5781546832820542,
0.34902610506365067,
0.6049923642604813,
0.3936366139605154,
0.1780077515123243,
0.27759255163601876,
0.3539919719042828,
0.2211294128926916,
0.229448037642846,
0.35019908275618367,
0.4791531347771527,
0.06725032619046606,
0.08536491812115604,
0.3395327586132014,
0.09594690124542307,
0.20616350098711603,
0.13217397871718134,
0.23268239612105962,
0.3325042728712818,
0.42022967190488786,
0.5220838431808736,
0.32764547831682517,
0.3316638637619119,
0.22308112492753074,
