0.46542019576564087,
0.6955851129339461,
0.4496123929418466,
0.6986275387139477,
0.22787604197489686,
0.38627883778145705,
0.0938485193205042,
0.20676582912014677,
0.3505617124822962,
0.19702383261657908,
0.29948371702932775,
0.0904353820550017,
0.42730119869926764,
0.3726815125260512,
0.13366859490151567,
0.0,
0.3481374661944499,
0.6306269691902944,
0.4285565675325339,
0.24733067578132276,
0.24462638712821713,
0.0,
0.0,
0.2996241682256422,
0.44887060386627375,
0.11870758500822548,
0.04999451135792926,
0.0,
0.3392098476385587,
0.7973305789554641,
0.11156515860774305,
0.2985675893739904,
0.38170116740503046,
0.2128265134155885,
0.8090649887183323,
0.312027149228017,
0.2536945217719922,
0.07965222011000489,
0.3374495679926563,
0.10630411781858429,
0.5756278784526067,
0.7156674210329979,
0.2377959308988433,
0.38259012350615335,
0.5383002551410858,
0.38406933569940627,
0.754847055301601,
0.3071820884701591,
0.28438626988163884,
0.2965599052081541,
0.2353608417181025,
0.17119332024503817,
0.26201086705396526,
0.172895098613911,
0.16728898541965406,
0.416760514223794,
0.828841765094734,
0.07043695272389658,
0.3061563015767088,
0.4093083363640687,
