0.5463817018995247,
0.4418749215358247,
0.6672443970675287,
0.8830020462689918,
0.6415339208409745,
0.3466090124363037,
0.5651248810439532,
0.7749946210418477,
0.24887840021180518,
0.8789642043916749,
0.6852968467018019,
0.7827414693701914,
0.6812469573647435,
0.5786972343039067,
0.737502615251034,
0.45007025778779036,
0.8629584323625313,
0.8165804949364354,
0.7687939502856586,
0.5537593449149634,
0.3682661014773932,
0.5443478181756433,
0.69223522660677,
0.5522451898845497,
0.6874017895293862,
0.8630832784565837,
0.7623746037098522,
0.646390113190158,
0.824835453742905,
0.6570338900998896,
0.9498556493169633,
0.8058459579242081,
0.6615386403119704,
0.7674706126388862,
0.7884218633934831,
0.3724210349410644,
0.9225369732513814,
0.6821801536861377,
0.5901947722270965,
0.7365003502731227,
0.36006427091079163,
0.6778787575069739,
1.0,
0.8266585358503479,
0.6309010190442474,
0.7050300095345207,
0.6989443055213904,
0.9658913317469224,
0.686827305552014,
0.8149250201462314,
0.5897551101509433,
0.8158704881801135,
0.5037709756443238,
0.808417379491154,
0.6539135035078304,
0.7424576522335947,
0.750320213310772,
0.44835577290221473,
0.6005589392544202,
0.6167972994009459,
