0.0,
0.31148221559054945,
0.46818631129835525,
0.4805565005192489,
0.2111700195689192,
0.2003382244688081,
0.0,
0.34320904208882497,
0.2967663179638392,
0.02400722968968627,
0.16401837428347985,
0.4920562694308609,
0.28072872564484996,
0.0,
0.0,
0.16496485519047308,
0.11602426932914359,
0.6165643586041598,
0.7877004070345717,
0.47483155548192607,
0.09456097067495889,
0.7746273323725905,
0.33250097787798755,
0.07878216902703822,
0.2740964439167052,
0.22348416968769003,
0.18400954246007917,
0.26070515138387496,
0.1593886610915307,
0.0638518547279339,
0.23428717653575562,
0.5324149750169415,
0.0,
0.3657792771913522,
0.4905293103995956,
0.4560840371361343,
0.0791208480870145,
0.4222679711941689,
0.1553039319255707,
0.32654143624365,
