0.62276918637401,
0.38873092051285435,
0.44091229862317366,
0.2023939133981496,
1.0,
0.1124369813273603,
0.7969174615599821,
0.4135539282328367,
0.15021019189913054,
0.5506120403734556,
0.0250944991229195,
0.25198345009490963,
0.44369179449939644,
0.2876239361834645,
0.556577899205954,
0.5212836820869646,
0.4181846367939593,
0.4135062644483049,
0.5121982249902235,
0.858473171248036,
0.5832150962522762,
0.703684112592264,
0.5475183086587725,
0.13446777291270684,
0.4015499283905125,
0.38564435466642044,
0.45702090586932553,
0.27859352781324,
0.46336590956839563,
0.5301916106597396,
0.6403414133531693,
0.41560029258266934,
0.18047547964046307,
0.8329364709176468,
0.4654449707370972,
0.265709574761449,
0.36059516808685843,
0.722664862143119,
0.5261272225785258,
0.5593579865295012,
