0.62276918637401,
0.38873092051285435,
0.44091229862317366,
0.2023939133981496,
1.0,
0.1124369813273603,
0.7969174615599821,
0.4135539282328367,
0.15021019189913054,
0.5506120403734556,
0.0250944991229195,
0.25198345009490963,
0.44369179449939644,
0.2876239361834645,
0.556577899205954,
0.5212836820869646,
0.4181846367939593,
0.4135062644483049,
0.5121982249902235,
0.858473171248036,
0.5832150962522762,
0.703684112592264,
0.5475183086587725,
0.13446777291270684,
0.4015499283905125,
0.38564435466642044,
0.45702090586932553,
0.27859352781324,
0.46336590956839563,
0.5301916106597396,
0.6403414133531693,
0.41560029258266934,
0.18047547964046307,
0.8329364709176468,
0.4654449707370972,
0.265709574761449,
0.36059516808685843,
0.722664862143119,
0.5261272225785258,
0.5593579865295012,
0.4757025738010051,
0.5833121995894964,
0.43651299895791307,
0.29593972071540386,
0.09898050480514992,
0.7205715148461419,
0.48022221127948017,
0.3308587889554808,
0.4062070445256895,
0.4888609473991897,
0.46328901962909713,
0.5050362795789026,
0.43634205860732245,
0.46118565447095977,
0.47443396002142957,
0.2320623092515242,
0.906799208023185,
0.3421139354319376,
0.6468618823538886,
0.4391248843538266,
0.13732317034270314,
0.23098603413136903,
0.49414954583946924,
0.5879424215679999,
0.6732054258605409,
0.7577010168069862,
0.6516139550664991,
0.3601320315743829,
0.20065089376256406,
0.30781626672030227,
0.26358709637578664,
0.6040654614525083,
0.6807689603097871,
0.6219094485145624,
0.5085667533088144,
0.288253922980784,
0.7757907880406525,
0.4481125302361769,
0.2495939060446129,
0.361318094440364,
