1,0.04959217400933802,
2,0.9666520591326142,
3,0.8409538722316992,
4,0.5221194123178414,
5,0.5944021523471414,
6,0.5964853702868897,
7,0.5739758499295999,
8,0.564617695964615,
9,0.9126284228734862,
10,0.882992541335351,
11,0.684891718767312,
12,0.6154897292954671,
13,0.9398764259034241,
14,0.7531949628744565,
15,0.8845280461617487,
16,0.4768258728496201,
17,0.606671150548379,
18,0.40671192465900446,
19,0.9749100859158931,
20,0.8584320162044986,
21,0.8931791774616944,
22,0.7140220121767762,
23,0.6054400245057554,
24,0.6285586435463464,
25,0.356268447654581,
26,0.7656135021814037,
27,0.3954549056868528,
28,0.7551432746742182,
29,0.40397950383763787,
30,0.9884125237211896,
31,0.981999014255364,
32,0.9801539460185941,
33,0.5862908659934456,
34,0.7023177763297718,
35,0.8945282346335792,
36,0.481718496095585,
37,0.9928439723172637,
38,0.9264505419027642,
39,0.6156642998924942,
40,0.7428363299410934,
41,0.6742262321497814,
42,0.1965354009830642,
43,0.3873741741909352,
44,0.30561513217849023,
45,0.4712170075266543,
46,0.6496558860159343,
47,0.5867091526090762,
48,0.7640155656086369,
49,0.53196033563196,
50,0.8953924175016895,
51,0.8858508820190347,
52,0.5925755761761198,
53,0.923870136916402,
54,0.7844463527703419,
55,0.9539116560848098,
56,0.6632837246716015,
57,0.8950017724460858,
58,0.8954306723895,
59,0.9568221876806862,
60,0.7425760931684962,
61,0.5597860709145885,
62,0.9950013564679205,
63,0.8333451292974842,
64,0.8458930138863593,
65,0.34194676433203197,
66,0.6310250861273303,
67,0.35911145991349847,
68,0.3805005310103936,
69,0.7849390648408977,
70,0.772071321745999,
71,0.8444086765557809,
72,0.9764716473777441,
73,0.45996508174065015,
74,0.741460322139961,
75,0.5538748430758398,
76,0.9201635393516976,
77,0.43911995111677915,
78,0.7567983819698282,
79,0.7856139964898776,
80,0.5457875952526308,
81,0.9690890534235092,
82,0.5800669473652473,
83,0.7340514997264895,
84,0.6053977632035873,
85,0.49437462978414864,
86,0.5797607712361461,
87,0.8263096934003844,
88,0.9287213202397526,
89,0.8383356171371126,
90,0.723309932378102,
91,0.6606462610508688,
92,0.6967942197318707,
93,0.9088730408464281,
94,0.7693527834342462,
95,0.6379093898777185,
96,0.7130240449912166,
97,0.8448041120258412,
98,0.5441064516159926,
99,0.7109364104565765,
100,0.6961376521866484


