0.04959217400933802,
0.9666520591326142,
0.8409538722316992,
0.5221194123178414,
0.5944021523471414,
0.5964853702868897,
0.5739758499295999,
0.564617695964615,
0.9126284228734862,
0.882992541335351,
0.684891718767312,
0.6154897292954671,
0.9398764259034241,
0.7531949628744565,
0.8845280461617487,
0.4768258728496201,
0.606671150548379,
0.40671192465900446,
0.9749100859158931,
0.8584320162044986,
0.8931791774616944,
0.7140220121767762,
0.6054400245057554,
0.6285586435463464,
0.356268447654581,
0.7656135021814037,
0.3954549056868528,
0.7551432746742182,
0.40397950383763787,
0.9884125237211896,
0.981999014255364,
0.9801539460185941,
0.5862908659934456,
0.7023177763297718,
0.8945282346335792,
0.481718496095585,
0.9928439723172637,
0.9264505419027642,
0.6156642998924942,
0.7428363299410934,
0.6742262321497814,
0.1965354009830642,
0.3873741741909352,
0.30561513217849023,
0.4712170075266543,
0.6496558860159343,
0.5867091526090762,
0.7640155656086369,
0.53196033563196,
0.8953924175016895,
0.8858508820190347,
0.5925755761761198,
0.923870136916402,
0.7844463527703419,
0.9539116560848098,
0.6632837246716015,
0.8950017724460858,
0.8954306723895,
0.9568221876806862,
0.7425760931684962,
0.5597860709145885,
0.9950013564679205,
0.8333451292974842,
0.8458930138863593,
0.34194676433203197,
0.6310250861273303,
0.35911145991349847,
0.3805005310103936,
0.7849390648408977,
0.772071321745999,
0.8444086765557809,
0.9764716473777441,
0.45996508174065015,
0.741460322139961,
0.5538748430758398,
0.9201635393516976,
0.43911995111677915,
0.7567983819698282,
0.7856139964898776,
0.5457875952526308,
0.9690890534235092,
0.5800669473652473,
0.7340514997264895,
0.6053977632035873,
0.49437462978414864,
0.5797607712361461,
0.8263096934003844,
0.9287213202397526,
0.8383356171371126,
0.723309932378102,
0.6606462610508688,
0.6967942197318707,
0.9088730408464281,
0.7693527834342462,
0.6379093898777185,
0.7130240449912166,
0.8448041120258412,
0.5441064516159926,
0.7109364104565765,
0.6961376521866484


