0.04959217400933802,
0.9666520591326142,
0.8409538722316992,
0.5221194123178414,
0.5944021523471414,
0.5964853702868897,
0.5739758499295999,
0.564617695964615,
0.9126284228734862,
0.882992541335351,
0.684891718767312,
0.6154897292954671,
0.9398764259034241,
0.7531949628744565,
0.8845280461617487,
0.4768258728496201,
0.606671150548379,
0.40671192465900446,
0.9749100859158931,
0.8584320162044986,
0.8931791774616944,
0.7140220121767762,
0.6054400245057554,
0.6285586435463464,
0.356268447654581,
0.7656135021814037,
0.3954549056868528,
0.7551432746742182,
0.40397950383763787,
0.9884125237211896,
0.981999014255364,
0.9801539460185941,
0.5862908659934456,
0.7023177763297718,
0.8945282346335792,
0.481718496095585,
0.9928439723172637,
0.9264505419027642,
0.6156642998924942,
0.7428363299410934
