1,0.04959217400933802,
2,0.9666520591326142,
3,0.8409538722316992,
4,0.5221194123178414,
5,0.5944021523471414,
6,0.5964853702868897,
7,0.5739758499295999,
8,0.564617695964615,
9,0.9126284228734862,
10,0.882992541335351,
11,0.684891718767312,
12,0.6154897292954671,
13,0.9398764259034241,
14,0.7531949628744565,
15,0.8845280461617487,
16,0.4768258728496201,
17,0.606671150548379,
18,0.40671192465900446,
19,0.9749100859158931,
20,0.8584320162044986,
21,0.8931791774616944,
22,0.7140220121767762,
23,0.6054400245057554,
24,0.6285586435463464,
25,0.356268447654581,
26,0.7656135021814037,
27,0.3954549056868528,
28,0.7551432746742182,
29,0.40397950383763787,
30,0.9884125237211896,
31,0.981999014255364,
32,0.9801539460185941,
33,0.5862908659934456,
34,0.7023177763297718,
35,0.8945282346335792,
36,0.481718496095585,
37,0.9928439723172637,
38,0.9264505419027642,
39,0.6156642998924942,
40,0.7428363299410934,
41,0.6742262321497814,
42,0.1965354009830642,
43,0.3873741741909352,
44,0.30561513217849023,
45,0.4712170075266543,
46,0.6496558860159343,
47,0.5867091526090762,
48,0.7640155656086369,
49,0.53196033563196,
50,0.8953924175016895,
51,0.8858508820190347,
52,0.5925755761761198,
53,0.923870136916402,
54,0.7844463527703419,
55,0.9539116560848098,
56,0.6632837246716015,
57,0.8950017724460858,
58,0.8954306723895,
59,0.9568221876806862,
60,0.7425760931684962
