1,0.6602264870584362,
2,0.8444835267828634,
3,0.897912863739033,
4,0.9389272612763209,
5,0.6512445157918856,
6,0.9232034010913691,
7,0.9921845718354239,
8,0.8218290033556533,
9,0.40652973663494363,
10,0.9500557560142816,
11,0.35792246478391276,
12,0.6976418976790681,
13,0.89813506778215,
14,0.7855347940124248,
15,0.7727676029478598,
16,0.9997589622965528,
17,0.4273927484449598,
18,0.715760630746713,
19,0.6196765404568024,
20,0.6760930245510792,
21,0.7354171525906318,
22,0.9545183835816714,
23,0.8807798533188798,
24,0.20214217621048147,
25,0.914704769597978,
26,0.9945816414730776,
27,0.5838458730614516,
28,0.7596997980278121,
29,0.5008144870614031,
30,0.9538493462142567,
31,0.7456257002096305,
32,0.06895569842952887,
33,0.9600080919294385,
34,0.8667941184959687,
35,0.9925918644564546,
36,0.5927604441924825,
37,0.8471282500921735,
38,0.7351376190858712,
39,0.9071539626428657,
40,0.9306323641465766,
41,0.49596338787639394,
42,0.7982341470246235,
43,0.6640141234459123,
44,0.8049353975747088,
45,0.5696224798472221,
46,0.598056912372321,
47,0.652867071992429,
48,0.8444363110194476,
49,0.6963097882819881,
50,0.8199100547441072,
51,0.4025564496663766,
52,0.9593369862024285,
53,0.2665546877199627,
54,0.644523761901256,
55,0.9076987339622652,
56,0.6479817356199578,
57,0.5440803194877977,
58,0.978383051742099,
59,0.48249141022964526,
60,0.8590385079455157,
61,0.43865288911701883,
62,0.3201010807982718,
63,0.5575193615232694,
64,0.884204232958912,
65,0.5175282994036875,
66,0.4687970247935988,
67,0.9648197161864958,
68,0.7366604191336134,
69,0.6097503968764412,
70,0.7166879934627082,
71,0.5926668761743419,
72,0.7539493915764065,
73,0.6896878206780738,
74,0.6913350816169503,
75,0.7150224900543584,
76,0.9278095178756108,
77,0.552649068644792,
78,0.6863997860317792,
79,0.7366508159930212,
80,0.8300598843836228,
81,0.5626710343546871,
82,0.7403037621697071,
83,0.7836404911724072,
84,0.7075682783651339,
85,0.3601339024229949,
86,0.7014268807658557,
87,0.9640350722563091,
88,0.488765538339188,
89,0.7614781922740124,
90,0.5573547200320949,
91,0.96774863537749,
92,0.9057154715354278,
93,0.3920059588763811,
94,0.1556827355258602,
95,0.3468523552401246,
96,0.8692085261692095,
97,0.7540397216943732,
98,0.8139422862088477,
99,0.7821445968950687,
100,0.7786442045479249


