1,0.6602264870584362,
2,0.8444835267828634,
3,0.897912863739033,
4,0.9389272612763209,
5,0.6512445157918856,
6,0.9232034010913691,
7,0.9921845718354239,
8,0.8218290033556533,
9,0.40652973663494363,
10,0.9500557560142816,
11,0.35792246478391276,
12,0.6976418976790681,
13,0.89813506778215,
14,0.7855347940124248,
15,0.7727676029478598,
16,0.9997589622965528,
17,0.4273927484449598,
18,0.715760630746713,
19,0.6196765404568024,
20,0.6760930245510792,
21,0.7354171525906318,
22,0.9545183835816714,
23,0.8807798533188798,
24,0.20214217621048147,
25,0.914704769597978,
26,0.9945816414730776,
27,0.5838458730614516,
28,0.7596997980278121,
29,0.5008144870614031,
30,0.9538493462142567,
31,0.7456257002096305,
32,0.06895569842952887,
33,0.9600080919294385,
34,0.8667941184959687,
35,0.9925918644564546,
36,0.5927604441924825,
37,0.8471282500921735,
38,0.7351376190858712,
39,0.9071539626428657,
40,0.9306323641465766,
41,0.49596338787639394,
42,0.7982341470246235,
43,0.6640141234459123,
44,0.8049353975747088,
45,0.5696224798472221,
46,0.598056912372321,
47,0.652867071992429,
48,0.8444363110194476,
49,0.6963097882819881,
50,0.8199100547441072,
51,0.4025564496663766,
52,0.9593369862024285,
53,0.2665546877199627,
54,0.644523761901256,
55,0.9076987339622652,
56,0.6479817356199578,
57,0.5440803194877977,
58,0.978383051742099,
59,0.48249141022964526,
60,0.8590385079455157
