0.6602264870584362,
0.8444835267828634,
0.897912863739033,
0.9389272612763209,
0.6512445157918856,
0.9232034010913691,
0.9921845718354239,
0.8218290033556533,
0.40652973663494363,
0.9500557560142816,
0.35792246478391276,
0.6976418976790681,
0.89813506778215,
0.7855347940124248,
0.7727676029478598,
0.9997589622965528,
0.4273927484449598,
0.715760630746713,
0.6196765404568024,
0.6760930245510792,
0.7354171525906318,
0.9545183835816714,
0.8807798533188798,
0.20214217621048147,
0.914704769597978,
0.9945816414730776,
0.5838458730614516,
0.7596997980278121,
0.5008144870614031,
0.9538493462142567,
0.7456257002096305,
0.06895569842952887,
0.9600080919294385,
0.8667941184959687,
0.9925918644564546,
0.5927604441924825,
0.8471282500921735,
0.7351376190858712,
0.9071539626428657,
0.9306323641465766,
0.49596338787639394,
0.7982341470246235,
0.6640141234459123,
0.8049353975747088,
0.5696224798472221,
0.598056912372321,
0.652867071992429,
0.8444363110194476,
0.6963097882819881,
0.8199100547441072,
0.4025564496663766,
0.9593369862024285,
0.2665546877199627,
0.644523761901256,
0.9076987339622652,
0.6479817356199578,
0.5440803194877977,
0.978383051742099,
0.48249141022964526,
0.8590385079455157
