0.25912556320775915,
0.33573925691639817,
0.43951444796698613,
0.4720773149592645,
0.6440538438000453,
0.5300525464665963,
0.08149469887692293,
0.26783648138358046,
0.24549278362871402,
0.5568911888232235,
0.3760131024750995,
0.20334224492681222,
0.43961229991040923,
0.32207239045957947,
0.13740842075395263,
0.2696010344905748,
0.3693679576909174,
0.2674456796512092,
0.11076635286446218,
0.5089918793954187,
0.004604931452763639,
0.5563441890196854,
0.39525727601510874,
0.2188733337812191,
0.4746552755126337,
0.06535221498358165,
0.4277239806521207,
0.17240651715036848,
0.13800092152475957,
0.7265835461280723,
0.33345464344898834,
0.0,
0.2474461546023436,
0.24779951185346383,
0.2787544365452982,
0.228999474548081,
0.526650117363601,
0.259778605959738,
0.4890370187763049,
0.2190720180879021,
0.25698166378195814,
0.0,
0.5866488029871431,
0.3036521704381808,
0.28857930280039357,
0.58213963296527,
0.5105284877941147,
0.16522312792644825,
0.20778351548147295,
0.24573917941678095,
0.4322374578016065,
0.16760473075418145,
0.39275645506015344,
0.36494839357970255,
0.24220397697195745,
0.23415870928140792,
0.16016401584080345,
0.2576541506972238,
0.05048182446454563,
0.305965694597221,
0.21891613967132306,
0.17518767287913917,
0.4219703583079929,
0.2289123027588321,
0.6814114326794836,
0.6138432924376227,
0.28482376820383043,
0.0,
0.15484352305626078,
0.10848995084579843,
0.19231777898717284,
0.36370020505363676,
0.3471804696009029,
0.5636661754984287,
0.36039764850506095,
0.06669384414639487,
0.24188219090928545,
0.22492796652075978,
0.5244249185807637,
0.09782727583656248,
0.3667876367342114,
0.2016486424178855,
0.2984677083727487,
0.20235326714449328,
0.12638245569275866,
0.07297661323093846,
0.2958970628585372,
0.5015514731203816,
0.5343298893158107,
0.48583415999541407,
0.08628480489426921,
0.24669825077599764,
0.5058058391185625,
0.309197904589273,
0.5883776792515628,
0.3278182830019178,
0.16727166616476896,
0.3249064143241741,
0.5281508232996693,
0.1893284020481274,
