0.9818739165441398,
0.4236561760200404,
0.7484376865797924,
0.6249632210556059,
0.6275229459396853,
0.5114633988213091,
0.5635671381514926,
0.8214846188192041,
0.47703956028241634,
0.3224469448729929,
1.0,
0.5480787574126291,
0.8911602804119836,
0.7092398342641887,
0.933958768918755,
0.8272674938371196,
0.7177213739613773,
0.7434943061858077,
0.8858699697106336,
0.3036894492559575,
0.8757827379130172,
0.8285024815460356,
0.6470123466762334,
0.7186696949329592,
0.82551575712789,
0.5953351843793975,
0.7554662735108116,
0.5379819591865475,
0.776149061205999,
0.5999991386659723,
0.6420883836388438,
0.8199607834852312,
0.5700295189276859,
0.48094986346442825,
0.3914084165296462,
0.6563655497895599,
0.8942315823842883,
0.5748425371774976,
0.8042687896628067,
1.0,
