0.9818739165441398,
0.4236561760200404,
0.7484376865797924,
0.6249632210556059,
0.6275229459396853,
0.5114633988213091,
0.5635671381514926,
0.8214846188192041,
0.47703956028241634,
0.3224469448729929,
1.0,
0.5480787574126291,
0.8911602804119836,
0.7092398342641887,
0.933958768918755,
0.8272674938371196,
0.7177213739613773,
0.7434943061858077,
0.8858699697106336,
0.3036894492559575,
0.8757827379130172,
0.8285024815460356,
0.6470123466762334,
0.7186696949329592,
0.82551575712789,
0.5953351843793975,
0.7554662735108116,
0.5379819591865475,
0.776149061205999,
0.5999991386659723,
0.6420883836388438,
0.8199607834852312,
0.5700295189276859,
0.48094986346442825,
0.3914084165296462,
0.6563655497895599,
0.8942315823842883,
0.5748425371774976,
0.8042687896628067,
1.0,
0.8839116111686217,
0.6895808534733858,
0.7527325887260579,
0.6321274238661967,
0.7035652237313076,
0.46631800696835546,
0.6985403781619542,
0.939021215852198,
0.5247805356858964,
0.5668413930289694,
0.8888594308877765,
0.562444461549507,
0.5651605457145862,
0.7767386436400463,
0.5069866550994386,
0.9358690556501943,
0.737669232976392,
0.9344783568784226,
0.891081474563133,
0.7258343635930058,
0.16321242674014003,
0.6407738373398256,
0.7467561613204899,
0.7838407539308208,
0.4000727943746248,
0.4243588548256795,
0.5592291076852421,
0.520562392270576,
0.5537560499645235,
0.884834721612227,
0.6121235267648775,
0.7054414695058737,
0.5920322345961192,
0.6990615369072396,
0.7405934228774145,
0.7805293686136153,
0.6934187062473289,
0.7365152776579371,
0.21781744365395372,
0.35758131528696663,
