0.6873186604536521,
0.6038946850451868,
0.610664357347474,
0.7210008752984426,
0.6131534434387071,
0.7415784812305465,
1.0,
0.8942306965244109,
0.9001332711574718,
0.5953238379380712,
0.6800541211921435,
0.6742716593196144,
0.6358356794730305,
0.9575921944018113,
0.4309383986517399,
0.8004032571110398,
0.842393548115632,
0.18461857174156038,
0.501632923038594,
0.3309413969335215,
0.8521390864125852,
0.6776954920316862,
0.6892481872241089,
0.71236039353059,
0.705550802312779,
0.8365138855716858,
0.6948131410582694,
0.5275479648720912,
0.8099327004052336,
0.7433669173910339,
1.0,
0.5344175590234114,
0.7373662543799717,
0.6100654315557927,
0.7387807406821972,
0.46441316361738716,
0.48331339480745994,
0.6642861346962317,
0.6776089267875898,
0.6632441054076527,
0.7879822834387112,
0.7827106062034468,
0.5896357609902333,
1.0,
0.7001612564645195,
0.7730668846788233,
0.7988220202625008,
0.6306414706404773,
0.873350211095913,
0.48493973776149757,
0.28269621045377225,
1.0,
0.7931602503398661,
0.38528075620061847,
0.5824111935546762,
0.6045623113364933,
0.4097482407251858,
0.7792350680409981,
0.8703296397360767,
0.7689310515977332,
0.36065503740501975,
1.0,
0.5736019643401952,
0.6887685205909627,
0.6267377353340821,
0.5693117470868958,
0.7656621813718975,
0.5900030127286651,
0.5783679489726729,
0.500793097449407,
0.5261248431321903,
0.9007819407694673,
0.8249584908527248,
0.6968418210671343,
0.5893254192334907,
0.5198662568876062,
0.9145837202122697,
1.0,
0.9830835182849738,
0.9267333204466179,
