1,0.941644931406549,
2,0.6578570144060931,
3,0.9629120734643432,
4,0.48111255734291464,
5,0.5007770518025143,
6,0.8839911286415956,
7,0.6345303651987106,
8,0.6562002159828217,
9,0.8225764596757685,
10,0.7184328797138397,
11,0.9261126131270571,
12,0.6851261446209065,
13,0.4614047461540961,
14,0.0997137211968081,
15,0.8850324509340064,
16,0.7388958423332269,
17,0.929432395112889,
18,0.6798761714012088,
19,0.664967054861665,
20,0.800012588582585,
21,0.2566173840938184,
22,0.9337883348604261,
23,0.9784360120875906,
24,0.9084061697113035,
25,0.7731199651830178,
26,0.809070916673699,
27,0.7692309676906072,
28,0.4343643662427258,
29,0.7984584861611471,
30,0.9655186774026531,
31,0.5778024210250603,
32,0.774021460415066,
33,0.9171850128065122,
34,0.9342316853176235,
35,0.9476076700009165,
36,0.3216164973650486,
37,0.9190313950294446,
38,0.881306583331024,
39,0.8902338228039786,
40,0.8829751693355564,
41,0.8665377862396761,
42,0.727692824806854,
43,0.9455407185147199,
44,0.3887465168077757,
45,0.459954539886669,
46,0.8148068311830915,
47,0.8097885996242358,
48,0.8534860010004868,
49,0.9169291562780943,
50,0.999065684137031,
51,0.8805971517450011,
52,0.732204414816094,
53,0.4892081825077201,
54,0.7702368174670688,
55,0.9820717901817664,
56,0.832970016783232,
57,0.8330918716002025,
58,0.6264603974732663,
59,0.7249715859616874,
60,0.77449552385931,
61,0.5397813232061268,
62,0.740933716228667,
63,0.7827852674619786,
64,0.8693739751148603,
65,0.8761155050987336,
66,0.23615352344650442,
67,0.7943187120784743,
68,0.5814241143505223,
69,0.9623113181285762,
70,0.8588193272844944,
71,0.9455018900349559,
72,0.9560721479326305,
73,0.9478028447075788,
74,0.7569497736483759,
75,0.6163776006070161,
76,0.8537717058031977,
77,0.5565554313641994,
78,0.8189078483973079,
79,0.5178453735011248,
80,0.7727257993644592,
81,0.9839751150482121,
82,0.8521444846594639,
83,0.7874133155489671,
84,0.7762423514579009,
85,0.592427358274773,
86,0.5815446741189645,
87,0.6512813308151881,
88,0.6725338384436593,
89,0.5749419268481399,
90,0.9993246957003555,
91,0.7216477714544859,
92,0.8138194618377832,
93,0.9727153193139216,
94,0.5082426046839752,
95,0.7181964219759561,
96,0.5052898944621056,
97,0.3849237741679289,
98,0.18966379514928278,
99,0.9374727369317443,
100,0.8213602334008037


