1,0.941644931406549,
2,0.6578570144060931,
3,0.9629120734643432,
4,0.48111255734291464,
5,0.5007770518025143,
6,0.8839911286415956,
7,0.6345303651987106,
8,0.6562002159828217,
9,0.8225764596757685,
10,0.7184328797138397,
11,0.9261126131270571,
12,0.6851261446209065,
13,0.4614047461540961,
14,0.0997137211968081,
15,0.8850324509340064,
16,0.7388958423332269,
17,0.929432395112889,
18,0.6798761714012088,
19,0.664967054861665,
20,0.800012588582585,
21,0.2566173840938184,
22,0.9337883348604261,
23,0.9784360120875906,
24,0.9084061697113035,
25,0.7731199651830178,
26,0.809070916673699,
27,0.7692309676906072,
28,0.4343643662427258,
29,0.7984584861611471,
30,0.9655186774026531,
31,0.5778024210250603,
32,0.774021460415066,
33,0.9171850128065122,
34,0.9342316853176235,
35,0.9476076700009165,
36,0.3216164973650486,
37,0.9190313950294446,
38,0.881306583331024,
39,0.8902338228039786,
40,0.8829751693355564
