0.941644931406549,
0.6578570144060931,
0.9629120734643432,
0.48111255734291464,
0.5007770518025143,
0.8839911286415956,
0.6345303651987106,
0.6562002159828217,
0.8225764596757685,
0.7184328797138397,
0.9261126131270571,
0.6851261446209065,
0.4614047461540961,
0.0997137211968081,
0.8850324509340064,
0.7388958423332269,
0.929432395112889,
0.6798761714012088,
0.664967054861665,
0.800012588582585,
0.2566173840938184,
0.9337883348604261,
0.9784360120875906,
0.9084061697113035,
0.7731199651830178,
0.809070916673699,
0.7692309676906072,
0.4343643662427258,
0.7984584861611471,
0.9655186774026531,
0.5778024210250603,
0.774021460415066,
0.9171850128065122,
0.9342316853176235,
0.9476076700009165,
0.3216164973650486,
0.9190313950294446,
0.881306583331024,
0.8902338228039786,
0.8829751693355564
