0.6332271691326011,
0.47507193019147115,
0.5106374741830789,
0.359316458563126,
0.5309329709374353,
0.5040787612564823,
0.520278755147104,
0.3889744496116154,
0.6044241952173791,
0.465563273694626,
0.5573458221947933,
0.278767636284619,
0.6857378954041027,
0.5720029006832916,
0.40851730978711565,
0.5895693148437506,
0.594930535170709,
0.7354737175761699,
0.12883705779827564,
0.302419335783529,
0.439891836281318,
0.1929126821322516,
0.07100626206876137,
0.37606492756954496,
0.08858517031302399,
0.13493817922899948,
0.42464171802096295,
0.3316313664992633,
0.27019730743321524,
0.3789655256198718,
0.18084125187569328,
0.20422518647550858,
0.3778720853137496,
0.41448448350772177,
0.35694699164269184,
0.47291276405952903,
0.5938802304534687,
0.3878107598340488,
0.2673618268341299,
0.36939908157924106,
