0.6332271691326011,
0.47507193019147115,
0.5106374741830789,
0.359316458563126,
0.5309329709374353,
0.5040787612564823,
0.520278755147104,
0.3889744496116154,
0.6044241952173791,
0.465563273694626,
0.5573458221947933,
0.278767636284619,
0.6857378954041027,
0.5720029006832916,
0.40851730978711565,
0.5895693148437506,
0.594930535170709,
0.7354737175761699,
0.12883705779827564,
0.302419335783529,
0.439891836281318,
0.1929126821322516,
0.07100626206876137,
0.37606492756954496,
0.08858517031302399,
0.13493817922899948,
0.42464171802096295,
0.3316313664992633,
0.27019730743321524,
0.3789655256198718,
0.18084125187569328,
0.20422518647550858,
0.3778720853137496,
0.41448448350772177,
0.35694699164269184,
0.47291276405952903,
0.5938802304534687,
0.3878107598340488,
0.2673618268341299,
0.36939908157924106,
0.19261970110246412,
0.46425695673249767,
0.7097843966029318,
0.5371471702830414,
0.7672890948412663,
0.2572275173529761,
0.43549009832200236,
0.6499404533388904,
0.3236500931227312,
0.6097904875888329,
0.04204435367093129,
0.2575495117072294,
0.3609977365771144,
0.4161254971022529,
0.170404936439275,
0.5509450693438614,
0.3218334309679809,
0.5157562259779447,
0.5126015391185182,
0.5588370282291698,
0.6346232003669148,
0.2788355096207815,
0.682275313559655,
0.382542136231104,
0.30414841164917716,
0.6498659000959139,
0.4348650706583097,
0.42876489328027745,
0.48145576397580375,
0.672104694610743,
0.7722439280397366,
0.6304119247320648,
0.6449157950450453,
0.46808893836065907,
0.7149813767621864,
0.32116564012247073,
0.7496572154263722,
0.18643377467713484,
0.4832764762653144,
0.45018495325154523,
