0.3160182290654798,
0.8101353607385008,
0.9436315623751402,
0.6870648174077103,
0.6932643146324964,
0.8401364653743685,
0.75751056105312,
0.8025042788568832,
0.6973989300883319,
0.8378867007038677,
0.6018743079316922,
0.4712427428184589,
0.9152582353238593,
0.888986044261174,
0.673699373077561,
0.9766492254686425,
0.8257649537799807,
0.9466509984388496,
0.7505201244561387,
0.9239868523230347,
0.9550597976695224,
0.8174243773134946,
0.9719176898844646,
0.8706746593312069,
0.3619737108526917,
0.4825432893766635,
0.4529845842716764,
0.9636887079549861,
0.9924582141950875,
0.8102553142884841,
0.8722538568300251,
0.7132715968091261,
0.9882901946494173,
0.4427936276020229,
0.6053637309673432,
0.6487998334873175,
0.6928375851425421,
0.8515687224883454,
0.4472160147834992,
0.7999406532790769,
0.7622291326434492,
0.5104351472602136,
0.9956766411498956,
0.807072042771063,
0.911256917931037,
0.8123860288630059,
0.9623628915065564,
0.8849340713925935,
0.6794515608284382,
0.45852856170655226,
0.45297249777485293,
0.8454145365890461,
0.8428708668779005,
0.4961940374806999,
0.8886230184284121,
0.6788830824826102,
0.450677448185601,
0.5298840779415928,
0.8391256401032537,
0.599513737585724,
0.6734634109715564,
0.5262116666191912,
0.44122793319704984,
0.7781371787476226,
0.9091314936225511,
0.40773124379081827,
0.8254652379709326,
0.631015571996663,
0.562057364689367,
0.5982362233182035,
0.9706505257702954,
0.8539310968779918,
0.7659719634076596,
0.8693407599091081,
0.9478634659850751,
0.7366025743813165,
0.6264759011683891,
0.7884804365067666,
0.03817045525025553,
0.6541048325216499,
0.39684331214068325,
0.9858966012061972,
0.9977161765795726,
0.9804141334210627,
0.8566848997934126,
0.11203773704796938,
0.13789212215651447,
0.5872983798138262,
0.8713087405548654,
0.570887318216478,
0.9809529039144165,
0.7327347085807433,
0.899337887319505,
0.5722503053154573,
0.674973397732135,
0.8014547386818546,
0.8259789331205796,
0.923754235954271,
0.5489939385016991,
0.9824764788290263


