1,0.3160182290654798,
2,0.8101353607385008,
3,0.9436315623751402,
4,0.6870648174077103,
5,0.6932643146324964,
6,0.8401364653743685,
7,0.75751056105312,
8,0.8025042788568832,
9,0.6973989300883319,
10,0.8378867007038677,
11,0.6018743079316922,
12,0.4712427428184589,
13,0.9152582353238593,
14,0.888986044261174,
15,0.673699373077561,
16,0.9766492254686425,
17,0.8257649537799807,
18,0.9466509984388496,
19,0.7505201244561387,
20,0.9239868523230347,
21,0.9550597976695224,
22,0.8174243773134946,
23,0.9719176898844646,
24,0.8706746593312069,
25,0.3619737108526917,
26,0.4825432893766635,
27,0.4529845842716764,
28,0.9636887079549861,
29,0.9924582141950875,
30,0.8102553142884841,
31,0.8722538568300251,
32,0.7132715968091261,
33,0.9882901946494173,
34,0.4427936276020229,
35,0.6053637309673432,
36,0.6487998334873175,
37,0.6928375851425421,
38,0.8515687224883454,
39,0.4472160147834992,
40,0.7999406532790769
