0.3160182290654798,
0.8101353607385008,
0.9436315623751402,
0.6870648174077103,
0.6932643146324964,
0.8401364653743685,
0.75751056105312,
0.8025042788568832,
0.6973989300883319,
0.8378867007038677,
0.6018743079316922,
0.4712427428184589,
0.9152582353238593,
0.888986044261174,
0.673699373077561,
0.9766492254686425,
0.8257649537799807,
0.9466509984388496,
0.7505201244561387,
0.9239868523230347,
0.9550597976695224,
0.8174243773134946,
0.9719176898844646,
0.8706746593312069,
0.3619737108526917,
0.4825432893766635,
0.4529845842716764,
0.9636887079549861,
0.9924582141950875,
0.8102553142884841,
0.8722538568300251,
0.7132715968091261,
0.9882901946494173,
0.4427936276020229,
0.6053637309673432,
0.6487998334873175,
0.6928375851425421,
0.8515687224883454,
0.4472160147834992,
0.7999406532790769
