0.4739506531987482,
0.9230057978574709,
0.640399806510945,
0.9040526404249839,
0.44956783287534174,
0.7665871958273656,
1.0,
0.7596438933502002,
0.6444345771503979,
0.8689212682630051,
0.321852565193063,
0.9136776559314213,
0.6438314076599854,
0.9234031731384214,
0.855838308253056,
0.999436590753959,
0.7168925589251848,
0.5591888079021943,
0.9537324528768221,
0.39389031378329886,
0.5944556064896779,
1.0,
1.0,
0.6940695855391894,
0.7294169090163387,
0.7143472184545808,
0.8936373122780771,
0.6185982186695678,
0.5955053652154016,
0.9302004887802144,
0.5801019943473178,
0.6368086675445319,
0.35884374171707606,
0.55304724285629,
0.7429997707871926,
0.700053603108812,
0.9613283708809102,
0.26760150460601456,
0.6988609606545669,
0.6459409640715925,
0.42472817069904445,
1.0,
0.8986583353968427,
0.6210524390237268,
0.7046430051572256,
0.4571710673996646,
0.5519300173821159,
1.0,
0.7548734411037876,
0.7683919111120037,
0.8408305857362581,
0.5947432376200632,
0.6257686181858616,
0.9554060168618872,
0.8214975996333426,
0.5041544744149433,
0.8052641883484096,
0.48872666757476296,
0.5680196915339091,
0.38968398312684893,
0.9402111849380461,
0.8777647011889846,
0.5962671660694254,
0.7385347672663991,
0.7783248340948893,
0.6223694967708059,
0.5592236057094553,
0.5539232016173901,
0.8239910957597768,
0.7988573900720422,
0.9836708454102401,
0.8290368592413208,
0.6248972546748313,
0.8118102851813014,
0.7831300615731643,
1.0,
0.5480959298398036,
1.0,
0.3655301129647388,
0.5130912972054471,
0.4433499092570068,
0.7617245124181465,
0.5773075076898253,
0.5226818785844167,
0.5950045004105018,
0.614271795516093,
0.8835949111172027,
0.6087092039292563,
0.5972537992546483,
0.847579445174822,
0.6643381847343887,
0.46120021905374553,
0.7632590561258313,
0.9029333800693229,
0.9844356291488636,
0.8183885679880863,
0.6818512842124481,
0.741192961486538,
0.4662469403688644,
0.5329229962834251,
