0.4739506531987482,
0.9230057978574709,
0.640399806510945,
0.9040526404249839,
0.44956783287534174,
0.7665871958273656,
1.0,
0.7596438933502002,
0.6444345771503979,
0.8689212682630051,
0.321852565193063,
0.9136776559314213,
0.6438314076599854,
0.9234031731384214,
0.855838308253056,
0.999436590753959,
0.7168925589251848,
0.5591888079021943,
0.9537324528768221,
0.39389031378329886,
0.5944556064896779,
1.0,
1.0,
0.6940695855391894,
0.7294169090163387,
0.7143472184545808,
0.8936373122780771,
0.6185982186695678,
0.5955053652154016,
0.9302004887802144,
0.5801019943473178,
0.6368086675445319,
0.35884374171707606,
0.55304724285629,
0.7429997707871926,
0.700053603108812,
0.9613283708809102,
0.26760150460601456,
0.6988609606545669,
0.6459409640715925,
