0.4373035218385879,
0.5898654361058482,
0.241683445774247,
0.6010845735975895,
0.7238067819130323,
0.5429479553310778,
0.683577337747399,
0.324559169128512,
0.1773887423287399,
0.9309606576084146,
0.30530113221196964,
0.46379902203639467,
0.24211584465716213,
0.6345122440127154,
0.3642534365182779,
0.7193312414644661,
0.6193634530632853,
0.8163292276445144,
0.6086597670812107,
0.5363515660743471,
0.3526548077692999,
0.6652461175451,
0.6496312443826777,
0.8332612462605135,
0.408275888060037,
0.7366151190005087,
0.40194800681773496,
0.44795845432092074,
0.5599369548339117,
0.47937583340926604,
0.6084725256336778,
0.493089840824752,
0.43453921257507605,
0.6171345394653112,
0.6469544212204626,
0.6123101310557493,
0.492153149234535,
0.37689451623149445,
0.3204497342550606,
0.5642436449395095,
