0.4373035218385879,
0.5898654361058482,
0.241683445774247,
0.6010845735975895,
0.7238067819130323,
0.5429479553310778,
0.683577337747399,
0.324559169128512,
0.1773887423287399,
0.9309606576084146,
0.30530113221196964,
0.46379902203639467,
0.24211584465716213,
0.6345122440127154,
0.3642534365182779,
0.7193312414644661,
0.6193634530632853,
0.8163292276445144,
0.6086597670812107,
0.5363515660743471,
0.3526548077692999,
0.6652461175451,
0.6496312443826777,
0.8332612462605135,
0.408275888060037,
0.7366151190005087,
0.40194800681773496,
0.44795845432092074,
0.5599369548339117,
0.47937583340926604,
0.6084725256336778,
0.493089840824752,
0.43453921257507605,
0.6171345394653112,
0.6469544212204626,
0.6123101310557493,
0.492153149234535,
0.37689451623149445,
0.3204497342550606,
0.5642436449395095,
0.6162190654513002,
0.7513526425096873,
0.29593666523058876,
0.46887844372645304,
0.5090671396258513,
0.5240423870096457,
0.5193061704729015,
0.12144392490504613,
0.2673767775273812,
0.500451815297273,
0.6478949346165314,
0.6684294438015843,
0.4478431326052943,
0.5614312342556804,
0.4674955873255404,
0.7669664724068883,
0.4908792891112411,
0.5459079324682088,
0.49553463929054725,
0.27897682504318233,
