0.36817911792930136,
0.7101125031932817,
0.2919278828661638,
0.7179894006609515,
0.48205959115851865,
0.7946738543970688,
0.3775649242919585,
0.3677017170244167,
0.9272456982931252,
0.7228382865220411,
0.25246676693022163,
0.34515848258713433,
0.6338868316238806,
0.25685252507866063,
0.30265215294038683,
0.771763259419025,
0.35280270309850315,
0.4582513902580303,
0.43974804842794935,
0.40276498407142985,
0.30522885755200835,
0.8603583837021466,
0.4166723596127229,
0.7635328507044847,
0.16386438120246916,
0.4928797129603693,
0.4824971810330451,
0.7001755955213259,
0.6118143201693257,
0.5723693198347132,
0.4837015635308111,
0.48576539047643463,
0.4713878350900761,
0.5778320236058201,
1.0,
0.3784290335658195,
0.46719589171962994,
0.4677953547941396,
0.6527370056842268,
0.511896101647664,
0.469035046955558,
0.7108712131959849,
0.8187378161671888,
0.7214356186979338,
0.568006278655864,
0.15062430732606374,
0.5053049567820099,
0.7100297650931287,
0.09194353018129253,
0.39061534437378015,
0.3522866081924003,
0.49171357237623037,
0.6248553657688529,
0.5272844888711601,
0.6276665940036865,
0.30958703535966303,
0.6336869979309618,
0.22110947072074177,
0.5590250494404283,
0.4197728009308755,
0.8038348776738315,
0.7804765339245352,
0.32752327462818376,
0.2722148030347472,
0.5689211949565947,
0.5446571616288465,
0.6432565329154938,
0.31768435153835295,
0.1440527950544227,
0.8164589384842715,
0.6258014125950758,
0.5866470624073562,
0.25184912071031634,
0.6016367622658204,
0.4553842432731546,
0.22239083494494027,
0.5025646912878318,
0.3085976369835619,
0.39238912027495076,
0.6034475688914086,
0.5208243456625133,
0.16406423571570394,
0.4227896106968875,
0.0,
0.5151490855256434,
0.7756722280857026,
0.6453389627241981,
0.2563446074529805,
0.4162634342985524,
0.24181103566214185,
0.6725161067637451,
0.6573983749129247,
0.5586961346781513,
0.7849520079143553,
0.5935506108257885,
0.10828072758309881,
0.4049562007817734,
0.542774926101596,
0.31819664535604086,
0.5670615458719743,
