0.1268171381054246,
0.7620879681413598,
1.0,
0.7661478723444567,
0.813134775049769,
0.45663071417195544,
0.6676381991665005,
0.6707122750885387,
0.7436591361048757,
0.8049982352142715,
0.6296382786703112,
0.719797535448756,
0.8041961644012825,
0.8761026959603555,
0.43977295375671255,
0.8117322262010318,
0.7996784919146389,
1.0,
0.5940785090118765,
0.926796982924103,
0.7620325110690636,
0.15915225132515554,
0.9316374092318165,
0.7636410893640376,
0.29197175454882374,
1.0,
0.6183314465768309,
0.8615982982409511,
0.6362951689783642,
0.7177619921805152,
0.453982554578638,
0.5000341815530797,
1.0,
0.7004982144468762,
0.3230062639455949,
0.5377757911398532,
0.7825077419204814,
0.5782316817793745,
0.7305825967353066,
0.5885643316289692,
1.0,
0.6441189476775251,
0.5576726581652514,
0.9236768760554623,
0.6592592010297197,
1.0,
0.7084886499338691,
0.5371738733315667,
1.0,
0.4834859371301239,
0.3879035240378954,
0.8244910327798582,
1.0,
0.5327415489109537,
0.42326657346546587,
0.35401716967788266,
1.0,
0.9011749474467222,
0.330555913996164,
0.655608634948767,
1.0,
0.919268516106715,
0.7160785708167178,
0.6242687454137733,
0.7461748576563565,
0.8283393795291923,
0.7666796458825939,
0.3447472814277561,
0.5100235098135177,
0.4452690232098719,
0.974557792155327,
0.7550409766419388,
0.6075222516324352,
0.7728145191729444,
0.5449267134582685,
1.0,
0.6824775682913187,
0.037102557416674786,
0.74132420049351,
0.43806616299974405,
0.7601459642670516,
0.6295043082136331,
0.6850502071872588,
0.6088162535006587,
0.6785357857546589,
0.4279809954936106,
0.4224490512067635,
0.5812921221371409,
0.39234644018713805,
0.7480357380555849,
0.4481778479230718,
0.9685282087487243,
0.33383008714983803,
0.6057497126178046,
0.8029503475251194,
0.8185705617011003,
0.6435451096115682,
0.9295652992924803,
0.8902788065574353,
0.4724577629185307,
