0.1268171381054246,
0.7620879681413598,
1.0,
0.7661478723444567,
0.813134775049769,
0.45663071417195544,
0.6676381991665005,
0.6707122750885387,
0.7436591361048757,
0.8049982352142715,
0.6296382786703112,
0.719797535448756,
0.8041961644012825,
0.8761026959603555,
0.43977295375671255,
0.8117322262010318,
0.7996784919146389,
1.0,
0.5940785090118765,
0.926796982924103,
0.7620325110690636,
0.15915225132515554,
0.9316374092318165,
0.7636410893640376,
0.29197175454882374,
1.0,
0.6183314465768309,
0.8615982982409511,
0.6362951689783642,
0.7177619921805152,
0.453982554578638,
0.5000341815530797,
1.0,
0.7004982144468762,
0.3230062639455949,
0.5377757911398532,
0.7825077419204814,
0.5782316817793745,
0.7305825967353066,
0.5885643316289692,
1.0,
0.6441189476775251,
0.5576726581652514,
0.9236768760554623,
0.6592592010297197,
1.0,
0.7084886499338691,
0.5371738733315667,
1.0,
0.4834859371301239,
0.3879035240378954,
0.8244910327798582,
1.0,
0.5327415489109537,
0.42326657346546587,
0.35401716967788266,
1.0,
0.9011749474467222,
0.330555913996164,
0.655608634948767,
