0.8481539759415712,
0.7315348016586785,
0.8978751500823703,
0.7941003749206557,
0.699388306777359,
0.8499096837724247,
0.6052903866189757,
0.5004905479706695,
0.7172748072177422,
0.7556440123471356,
0.6888230645592854,
0.9304585669146828,
0.4069068467132689,
0.9392806804831935,
0.5667051934535768,
0.5627859556572432,
0.48857191357256124,
0.560042004919832,
1.0,
0.16817746450411986,
0.8693209978078553,
0.7395430887872224,
0.7964965868269277,
0.4345955386817899,
0.6326493926415048,
1.0,
0.38727744987086293,
0.5027070226725145,
0.7270074268714436,
0.8767159243727253,
0.6474390989306251,
1.0,
0.6563777394727972,
0.9619792212180273,
0.427654018462775,
0.7895753374402995,
0.9236812340979094,
1.0,
0.7177599263512028,
0.8199911040266372,
0.5182156289552278,
1.0,
1.0,
0.9669727370707577,
0.7352845589854442,
0.9492510290213295,
0.638433800283949,
0.4036934295487091,
0.691762052444343,
0.5682785286193313,
0.7276364315927047,
0.6591217427858409,
0.6709193643649995,
0.43422369270399136,
0.4710600218070101,
0.7969488856156699,
0.712644526705903,
0.677630713430201,
0.9398710796130525,
0.6544503032166866,
0.8495298268720333,
0.5760015236219792,
0.9395066830698985,
0.5584028109239789,
1.0,
1.0,
0.6759651311463244,
0.4741354112810885,
0.6577411811844728,
0.6729291993701796,
0.836707964145395,
0.7286744500151477,
0.4505372960919349,
0.6034952856329284,
0.5961666592992574,
1.0,
0.787927000640546,
0.676311379575787,
0.8294191798123194,
0.9212832926054648,
0.4720461478482778,
0.7251420265462323,
1.0,
0.7006383432289667,
0.9004364207915396,
0.8938788678746432,
0.6239426267061834,
0.7346727703945004,
1.0,
0.7063849313315984,
0.5910394526854781,
0.6835234207431489,
0.329896710685065,
0.7731098842127581,
0.5658644737917505,
0.9270260592263673,
0.693620176586487,
0.6198331618159248,
0.32844384705174945,
0.4450326631278429,
