0.8481539759415712,
0.7315348016586785,
0.8978751500823703,
0.7941003749206557,
0.699388306777359,
0.8499096837724247,
0.6052903866189757,
0.5004905479706695,
0.7172748072177422,
0.7556440123471356,
0.6888230645592854,
0.9304585669146828,
0.4069068467132689,
0.9392806804831935,
0.5667051934535768,
0.5627859556572432,
0.48857191357256124,
0.560042004919832,
1.0,
0.16817746450411986,
0.8693209978078553,
0.7395430887872224,
0.7964965868269277,
0.4345955386817899,
0.6326493926415048,
1.0,
0.38727744987086293,
0.5027070226725145,
0.7270074268714436,
0.8767159243727253,
0.6474390989306251,
1.0,
0.6563777394727972,
0.9619792212180273,
0.427654018462775,
0.7895753374402995,
0.9236812340979094,
1.0,
0.7177599263512028,
0.8199911040266372,
