0.41720986052926207,
0.4722313221450124,
0.47858103040862277,
0.45035839093720054,
0.2882020283340902,
0.7547215695936478,
0.2684770106872646,
0.22997667387996462,
0.37167175074220304,
0.44566312212221926,
0.3626396972766269,
0.19296807653466952,
0.7140676356560169,
0.7575035762440896,
0.5255856028240801,
0.807323472578199,
0.4261446394386381,
0.1090080612224914,
0.2073987041597919,
0.4832592687401249,
0.7651112046897071,
0.6062667866891428,
0.2969430994197245,
0.27056015638118763,
0.3404880441738758,
0.26908498711939693,
0.6163747442427503,
0.7596898541804693,
0.6012012732369826,
0.4545635322650848,
0.3958673207736197,
0.4166819061931275,
0.237454668262423,
0.31736880962091585,
0.3532061917696995,
0.42282562409056407,
0.6363796427625054,
0.5911294481501583,
0.6974843395055077,
0.4847692520968668,
