0.41720986052926207,
0.4722313221450124,
0.47858103040862277,
0.45035839093720054,
0.2882020283340902,
0.7547215695936478,
0.2684770106872646,
0.22997667387996462,
0.37167175074220304,
0.44566312212221926,
0.3626396972766269,
0.19296807653466952,
0.7140676356560169,
0.7575035762440896,
0.5255856028240801,
0.807323472578199,
0.4261446394386381,
0.1090080612224914,
0.2073987041597919,
0.4832592687401249,
0.7651112046897071,
0.6062667866891428,
0.2969430994197245,
0.27056015638118763,
0.3404880441738758,
0.26908498711939693,
0.6163747442427503,
0.7596898541804693,
0.6012012732369826,
0.4545635322650848,
0.3958673207736197,
0.4166819061931275,
0.237454668262423,
0.31736880962091585,
0.3532061917696995,
0.42282562409056407,
0.6363796427625054,
0.5911294481501583,
0.6974843395055077,
0.4847692520968668,
0.28713550937245624,
0.5102967871020418,
0.4480922681266456,
0.5031936166559455,
0.6006900652848765,
0.40873443793251685,
0.7390861374687352,
0.4029992545575541,
0.314090563644684,
0.4818111902681365,
0.6015715858960614,
0.6861559191592279,
0.5854955587195451,
0.5256375634457333,
0.6106843297098009,
0.7327749128230092,
0.5685819966274838,
0.10528773930870988,
0.11905124083455554,
0.5001169505999566,
0.8929962904274329,
0.5520889550432836,
0.5239259959026477,
0.5508599515349621,
0.1936773485610278,
0.5920570080328048,
0.5136280331560747,
0.503522972848936,
0.30325337277047015,
0.5112075804825464,
0.5543446716031667,
0.18312834081297558,
0.4784063663483971,
0.491191947367163,
0.791611977868,
0.31321599023047914,
0.4614580279879018,
0.5271641585790249,
0.29170713155080286,
0.4239703460138706,
