0.4018180425158038,
0.38390499707493464,
0.07540869004944167,
0.3117514077996875,
0.3894440065070531,
0.28434510269547975,
0.06608843115084578,
0.7458278651178804,
0.5526603507032144,
0.0600278962621042,
0.3862335869288926,
0.14056209115947432,
0.2364675212439641,
0.3726827290456177,
0.12692527317134603,
0.6008351145570265,
0.3043312305726037,
0.6068925181156593,
0.4140811775773545,
0.041003009579457406,
0.6652931574380323,
0.5337658195171664,
0.13831654203077237,
0.5973217833051976,
0.11168982642515199,
0.2686171313125266,
0.6734128343131276,
0.4657067296157483,
0.0,
0.16229916502134342,
0.03233059241091302,
0.4292256610632318,
0.7834355407174927,
0.1762258073596843,
0.3906520985661152,
0.07389337062332582,
0.3141726392032552,
0.42462990438683773,
0.6656220327710618,
0.20713909711977319,
0.4472815155229123,
0.5083492823595276,
0.44800464303651155,
0.23846711101269463,
0.19517753547852584,
0.34326985648456754,
0.4025568592306511,
0.4192511693396887,
0.374742675728048,
0.43360330668864844,
0.13674186079216538,
0.4185284524999861,
0.0,
0.1163728224761787,
0.29872747718189835,
0.0,
0.2898232093661416,
0.23693338881269732,
0.7586189687214007,
0.38965510184903784,
0.5196241766416376,
0.4809803336929801,
0.30085503979705225,
0.3276801995357066,
0.24947650993487602,
0.734917634629349,
0.0,
0.4770541312327436,
0.0,
0.1745451680733291,
0.005439471217793257,
0.0,
0.32933115416063274,
0.3173747506961011,
0.2767528777659972,
0.0,
0.011853932738380202,
0.4100583847997311,
0.26450325251581824,
0.5743352850043808,
0.6640951671379398,
0.33168231311449703,
0.005485112828802097,
0.5327905275489724,
0.1359248094712706,
0.20299780890303615,
0.31814147483859584,
0.36072319907434314,
0.4612754514374335,
0.17436636019177632,
0.35151372140367987,
0.2744434062502289,
0.15422390131660607,
0.08025721512476644,
0.47447033535187766,
0.13147955035911837,
0.31742974873890756,
0.35938398153151774,
0.37200520900373313,
0.23416397367169722,
