0.4018180425158038,
0.38390499707493464,
0.07540869004944167,
0.3117514077996875,
0.3894440065070531,
0.28434510269547975,
0.06608843115084578,
0.7458278651178804,
0.5526603507032144,
0.0600278962621042,
0.3862335869288926,
0.14056209115947432,
0.2364675212439641,
0.3726827290456177,
0.12692527317134603,
0.6008351145570265,
0.3043312305726037,
0.6068925181156593,
0.4140811775773545,
0.041003009579457406,
0.6652931574380323,
0.5337658195171664,
0.13831654203077237,
0.5973217833051976,
0.11168982642515199,
0.2686171313125266,
0.6734128343131276,
0.4657067296157483,
0.0,
0.16229916502134342,
0.03233059241091302,
0.4292256610632318,
0.7834355407174927,
0.1762258073596843,
0.3906520985661152,
0.07389337062332582,
0.3141726392032552,
0.42462990438683773,
0.6656220327710618,
0.20713909711977319,
