0.6950723405642979,
0.5801619593464398,
0.8902056352066545,
0.3427798318280076,
0.9724798826883839,
0.4963019476095307,
0.16422056063607215,
0.9268513546360871,
0.8641289262665186,
0.7068748487185863,
0.7266714668665122,
0.8230619733974592,
1.0,
0.6202617541610965,
0.5697363006478222,
0.6689264514235409,
0.2988890891462565,
0.4154061326585592,
0.22748716686079845,
0.7453764550934844,
1.0,
0.7548500531842015,
0.8820551463792183,
0.8511893961188733,
1.0,
0.6521082682955246,
0.557207138532142,
0.8810261512587247,
1.0,
0.7424156701659324,
0.8230539456340356,
0.702337105565564,
0.6708553529857908,
0.7137148831201777,
0.555177701469936,
0.6831373655416454,
0.680961890664094,
0.6139205182925158,
0.6404656560977579,
0.5839224034630961,
0.596370572544414,
0.4532337250844861,
0.7159659321226549,
0.9084515204781647,
0.7245010009879351,
0.8778565901095075,
0.8651243478596589,
1.0,
0.6981149919596448,
0.6268430183871436,
0.5595878669739567,
0.8030869464948314,
0.8826282783519017,
0.4986587843239538,
0.6867130084407547,
0.8386624516320481,
0.49199331131037405,
0.6982660443178228,
0.9256949973120226,
0.778835474637804,
0.5010834431334403,
0.5485974976519508,
0.6665470961306587,
0.6261684716109611,
0.7181761924584061,
0.8958630226326195,
0.6529213763167984,
0.7279693635824673,
0.5759689575609374,
0.498230455469397,
0.591549666709407,
0.7044664073547956,
0.7376988440153704,
0.4549715281873205,
0.2918942244835334,
0.9442880191414091,
0.8462080168294239,
0.5414587239881186,
0.652530625417208,
1.0,
1.0,
0.6643844486554599,
0.9730346090763884,
0.9394668069279892,
1.0,
0.8779521822241135,
1.0,
0.6790159547905659,
0.4030155798609924,
1.0,
0.45435214745954466,
0.938329324513594,
0.8390335565993166,
0.3232388709255563,
0.5388402223239698,
0.5528987567063797,
0.8160631945985438,
0.4417097017032288,
0.6403580431781423,
0.31853833972703727,
