0.6950723405642979,
0.5801619593464398,
0.8902056352066545,
0.3427798318280076,
0.9724798826883839,
0.4963019476095307,
0.16422056063607215,
0.9268513546360871,
0.8641289262665186,
0.7068748487185863,
0.7266714668665122,
0.8230619733974592,
1.0,
0.6202617541610965,
0.5697363006478222,
0.6689264514235409,
0.2988890891462565,
0.4154061326585592,
0.22748716686079845,
0.7453764550934844,
1.0,
0.7548500531842015,
0.8820551463792183,
0.8511893961188733,
1.0,
0.6521082682955246,
0.557207138532142,
0.8810261512587247,
1.0,
0.7424156701659324,
0.8230539456340356,
0.702337105565564,
0.6708553529857908,
0.7137148831201777,
0.555177701469936,
0.6831373655416454,
0.680961890664094,
0.6139205182925158,
0.6404656560977579,
0.5839224034630961,
0.596370572544414,
0.4532337250844861,
0.7159659321226549,
0.9084515204781647,
0.7245010009879351,
0.8778565901095075,
0.8651243478596589,
1.0,
0.6981149919596448,
0.6268430183871436,
0.5595878669739567,
0.8030869464948314,
0.8826282783519017,
0.4986587843239538,
0.6867130084407547,
0.8386624516320481,
0.49199331131037405,
0.6982660443178228,
0.9256949973120226,
0.778835474637804,
