0.0,
0.14021232904847641,
0.06257150828181535,
0.3075497828426526,
0.2527554656498815,
0.0,
0.4330490606804949,
0.5215355269608779,
0.21916495688231685,
0.0,
0.5780222192974982,
0.5673548096774743,
0.24032126811590407,
0.2528594386997931,
0.03525244232756286,
0.6245431966634023,
0.25542690643891464,
0.03834687077797572,
0.2941787293229072,
0.5738847648726094,
0.6978944603786374,
0.6039208405197427,
0.6708072262463667,
0.16325899309373285,
0.5569312675336316,
0.03349702508861929,
0.3191814502789888,
0.8165184887240193,
0.13838064918046528,
0.20859583949631444,
0.3037770348916848,
0.019602595850611637,
0.0,
0.4174889234963919,
0.3607560691975017,
0.08003933800223606,
0.0,
0.3903001170758953,
0.06457694500447203,
0.3530247037679422,
