0.0,
0.14021232904847641,
0.06257150828181535,
0.3075497828426526,
0.2527554656498815,
0.0,
0.4330490606804949,
0.5215355269608779,
0.21916495688231685,
0.0,
0.5780222192974982,
0.5673548096774743,
0.24032126811590407,
0.2528594386997931,
0.03525244232756286,
0.6245431966634023,
0.25542690643891464,
0.03834687077797572,
0.2941787293229072,
0.5738847648726094,
0.6978944603786374,
0.6039208405197427,
0.6708072262463667,
0.16325899309373285,
0.5569312675336316,
0.03349702508861929,
0.3191814502789888,
0.8165184887240193,
0.13838064918046528,
0.20859583949631444,
0.3037770348916848,
0.019602595850611637,
0.0,
0.4174889234963919,
0.3607560691975017,
0.08003933800223606,
0.0,
0.3903001170758953,
0.06457694500447203,
0.3530247037679422,
0.3257751150260523,
0.3677351989192442,
0.406863911704769,
0.3837120769357038,
0.0,
0.34337741537341004,
0.5669829491220265,
0.03471102044428198,
0.41741307858876636,
0.45138554048725527,
0.10734448572188335,
0.40310657849037934,
0.2676015487942248,
0.27844710598236033,
0.43761888432981244,
0.46411318743705826,
0.32229936922591385,
0.6962168056893909,
0.09914382864662749,
0.13586636875356065,
0.0879506464048683,
0.1714677751951103,
0.3890463516338339,
0.0,
0.45122878648310893,
0.23824339698110789,
0.2983347421563575,
0.11268932129014925,
0.169667496647577,
0.3879580618491919,
0.6592615154390453,
0.6578978793147787,
0.39757451115444986,
0.7350086308185835,
0.11285291325995564,
0.3391543164852507,
0.5419408478753007,
0.026980252651391312,
0.5281272394838639,
0.08141039131294778,
