1,0.3160182290654798,
2,0.8101353607385008,
3,0.9436315623751402,
4,0.6870648174077103,
5,0.6932643146324964,
6,0.8401364653743685,
7,0.75751056105312,
8,0.8025042788568832,
9,0.6973989300883319,
10,0.8378867007038677,
11,0.6018743079316922,
12,0.4712427428184589,
13,0.9152582353238593,
14,0.888986044261174,
15,0.673699373077561,
16,0.9766492254686425,
17,0.8257649537799807,
18,0.9466509984388496,
19,0.7505201244561387,
20,0.9239868523230347,
21,0.9550597976695224,
22,0.8174243773134946,
23,0.9719176898844646,
24,0.8706746593312069,
25,0.3619737108526917,
26,0.4825432893766635,
27,0.4529845842716764,
28,0.9636887079549861,
29,0.9924582141950875,
30,0.8102553142884841,
31,0.8722538568300251,
32,0.7132715968091261,
33,0.9882901946494173,
34,0.4427936276020229,
35,0.6053637309673432,
36,0.6487998334873175,
37,0.6928375851425421,
38,0.8515687224883454,
39,0.4472160147834992,
40,0.7999406532790769,
41,0.7622291326434492,
42,0.5104351472602136,
43,0.9956766411498956,
44,0.807072042771063,
45,0.911256917931037,
46,0.8123860288630059,
47,0.9623628915065564,
48,0.8849340713925935,
49,0.6794515608284382,
50,0.45852856170655226,
51,0.45297249777485293,
52,0.8454145365890461,
53,0.8428708668779005,
54,0.4961940374806999,
55,0.8886230184284121,
56,0.6788830824826102,
57,0.450677448185601,
58,0.5298840779415928,
59,0.8391256401032537,
60,0.599513737585724,
61,0.6734634109715564,
62,0.5262116666191912,
63,0.44122793319704984,
64,0.7781371787476226,
65,0.9091314936225511,
66,0.40773124379081827,
67,0.8254652379709326,
68,0.631015571996663,
69,0.562057364689367,
70,0.5982362233182035,
71,0.9706505257702954,
72,0.8539310968779918,
73,0.7659719634076596,
74,0.8693407599091081,
75,0.9478634659850751,
76,0.7366025743813165,
77,0.6264759011683891,
78,0.7884804365067666,
79,0.03817045525025553,
80,0.6541048325216499,
81,0.39684331214068325,
82,0.9858966012061972,
83,0.9977161765795726,
84,0.9804141334210627,
85,0.8566848997934126,
86,0.11203773704796938,
87,0.13789212215651447,
88,0.5872983798138262,
89,0.8713087405548654,
90,0.570887318216478,
91,0.9809529039144165,
92,0.7327347085807433,
93,0.899337887319505,
94,0.5722503053154573,
95,0.674973397732135,
96,0.8014547386818546,
97,0.8259789331205796,
98,0.923754235954271,
99,0.5489939385016991,
100,0.9824764788290263


