0.824028436303791,
0.5147480340235302,
0.05415104856239955,
0.3727929838769568,
0.5787950884996367,
0.5976941485558571,
0.6566855989842904,
0.4001731580749468,
0.6519868661731703,
0.6492662440157911,
0.5959887743103158,
0.7048236252800341,
0.3128963015830628,
0.03764755673472342,
0.4643926196901629,
0.36608663020183263,
0.3592890820934394,
0.15994041590412378,
0.44320613593058594,
0.747861338820314,
0.530881014657881,
0.6218778671353147,
0.4470915892602689,
0.40781041922279654,
0.11798632810204429,
0.31742143763367303,
0.6658395107863824,
0.293575976596043,
0.33431512386893036,
0.6593583640626346,
0.7913897378113066,
0.8462134344545627,
0.581683077612921,
0.480725947819499,
0.45770332218739607,
0.7087204834456544,
0.74272009703686,
0.40123149859489393,
0.7171746166427735,
0.4820516491080577,
0.5152140846369767,
0.5860043055274562,
0.49942326224533423,
0.3421580987758257,
0.18580314429699846,
0.582681236164434,
0.4574016614999252,
0.07981672069302292,
0.13541535453793335,
0.6518215885949128,
0.6708563719857398,
0.42922663666763683,
0.4062900828876459,
0.8178634539728571,
0.4427271311536816,
0.5293122996031712,
0.2529693849702399,
0.06368859012978828,
0.22757626657111807,
0.392186680183633,
0.410538138614373,
0.8146123278954203,
0.45133911912395935,
0.5786228629778161,
0.4005656924191422,
0.68009959217883,
0.3616764907057823,
0.3077602603972561,
0.5873824865273727,
0.5214249422232092,
0.560045495805184,
0.25647655799283586,
0.41391058296905336,
0.7185172668787323,
0.4709729325214204,
0.3428455052515729,
0.32566640886315323,
0.7061818527616436,
0.4270273118194763,
0.6940567430480312,
0.5110148865206992,
0.5858141189981602,
0.08052173088364173,
0.6222568673796441,
0.4332773943452913,
0.3289433357273114,
0.5421436957582776,
0.5772859673877773,
0.5646387668596232,
0.960655556066661,
0.45889861858578934,
0.23208568167934757,
0.3401866039592114,
0.6318989378672072,
0.10966469289267078,
0.8241104433396138,
0.3690134698247343,
0.3585716783851234,
0.43924954013431944,
0.6790901212507268,
