0.824028436303791,
0.5147480340235302,
0.05415104856239955,
0.3727929838769568,
0.5787950884996367,
0.5976941485558571,
0.6566855989842904,
0.4001731580749468,
0.6519868661731703,
0.6492662440157911,
0.5959887743103158,
0.7048236252800341,
0.3128963015830628,
0.03764755673472342,
0.4643926196901629,
0.36608663020183263,
0.3592890820934394,
0.15994041590412378,
0.44320613593058594,
0.747861338820314,
0.530881014657881,
0.6218778671353147,
0.4470915892602689,
0.40781041922279654,
0.11798632810204429,
0.31742143763367303,
0.6658395107863824,
0.293575976596043,
0.33431512386893036,
0.6593583640626346,
0.7913897378113066,
0.8462134344545627,
0.581683077612921,
0.480725947819499,
0.45770332218739607,
0.7087204834456544,
0.74272009703686,
0.40123149859489393,
0.7171746166427735,
0.4820516491080577,
