0.19781321517285438,
0.0,
0.25859584121366364,
0.11304382250837103,
0.2839533623949798,
0.3755638314918281,
0.3182664674498241,
0.1325462670698226,
0.048174067741395044,
0.038484075106013205,
0.3283299372383277,
0.308775958979439,
0.4000457631448814,
0.3478963133630889,
0.35684018683692453,
0.015293536823192178,
0.4740191925275267,
0.0,
0.4294027371044409,
0.16065039151140367,
0.2166176969492661,
0.024809880740661094,
0.559926745530258,
0.5671419438368924,
0.24577364405643998,
0.2254877931869559,
0.4362746440651182,
3.466307917439071E-4,
0.35425132920940583,
0.41773052092041196,
0.08277981948046442,
0.2943066661074392,
0.5559002197393624,
0.27026539055466536,
0.26286178232800217,
0.39386928247222025,
0.21222616967730346,
0.1661742437671123,
0.28358924343679115,
0.49781396659619226,
