0.4029049285517804,
0.5748270053702853,
0.61464255429666,
0.1756773098409392,
0.5627431416170686,
0.6389901356324135,
0.4980933175909426,
0.5406787841678077,
0.5574380217599515,
0.46174114409607836,
0.3839844212803687,
0.563015445349322,
0.4992529413714592,
0.5258904538432713,
0.2221716773101053,
0.7735272828602684,
0.7020931227739655,
0.46629609592590116,
0.8500988706957967,
0.518052663598439,
0.3294063975655339,
1.0,
0.5675512213036612,
0.415910395383274,
0.4841388850294946,
0.32981368134171113,
0.8313598475267072,
0.4528586603465056,
0.6046681537307093,
0.3521024479838969,
0.5218566879547093,
0.37458230577262464,
0.5105933092356677,
0.1338238646021883,
0.5590979362351691,
0.28593143081174377,
0.2444475096778203,
0.22129403288994626,
0.7961954444256136,
0.6498174615798019,
