0.8879007510524008,
0.7841656051038902,
0.9915591556233231,
0.7486754346855667,
0.6359508057831118,
0.9695765983181573,
0.805166000980521,
0.9213404415032349,
0.6043817643089755,
0.8217526596575528,
0.9722718630727666,
0.8099556045598233,
0.9603277468316245,
0.7016273983484989,
0.5648274437750671,
0.8277484542040666,
0.7961141410658423,
0.8384488091445725,
0.8733010603648051,
0.5733268881602209,
0.3294013902931705,
0.6564816772338821,
0.5722310770557009,
0.8943871709596389,
0.9352909374092782,
0.9147773405400158,
0.9170636272844838,
0.5138513928811408,
0.8477685644748371,
0.3081261555921424,
0.89297095987614,
0.17535699680789385,
0.6536522456854181,
0.8320147923893897,
0.7529158038206896,
0.7756372049216992,
0.942386889583515,
0.5522040228207655,
0.7071308273425405,
0.4138011131973732,
0.6721130445860652,
0.7524876409191898,
0.7933283224805548,
0.6377507738101404,
0.6231727100458908,
0.7210386779958922,
0.719611801775646,
0.7951296813866844,
0.775933057896513,
0.7450247670729837,
0.9460548207830192,
0.8038511319579226,
0.8259255641773192,
0.680336862864849,
0.9021792597759639,
0.8338344439856332,
0.6965072583868787,
0.7911302274358992,
0.33514795512156514,
0.7032782601822544,
0.6355195137926613,
0.7930651023993125,
0.4185673677795448,
0.9370426430007449,
0.7567679574014713,
0.5545555891613918,
0.2795621733965665,
0.880571648652425,
0.4394120362751406,
0.7288440740832721,
0.7255422346102567,
0.9752919368980066,
0.8193696644266094,
0.4360431742727048,
0.5933510814237453,
0.678189265072552,
0.9597972429360461,
0.8561436108014115,
0.47161174859866833,
0.9262966236727697,
0.9544936015277679,
0.08111629016931754,
0.962019640780795,
0.9589688051826537,
0.8913227571696356,
0.765239241467717,
0.9309660228487687,
0.8292029498470637,
0.5205338292644457,
0.5177588136672493,
0.7848523727325561,
0.7271740791346586,
0.7993640467438458,
0.7682138793925879,
0.6866399439863772,
0.9404071304935786,
0.9887658325232164,
0.8477243635781327,
0.6003712875205961,
0.7264053461139245


