0.8879007510524008,
0.7841656051038902,
0.9915591556233231,
0.7486754346855667,
0.6359508057831118,
0.9695765983181573,
0.805166000980521,
0.9213404415032349,
0.6043817643089755,
0.8217526596575528,
0.9722718630727666,
0.8099556045598233,
0.9603277468316245,
0.7016273983484989,
0.5648274437750671,
0.8277484542040666,
0.7961141410658423,
0.8384488091445725,
0.8733010603648051,
0.5733268881602209,
0.3294013902931705,
0.6564816772338821,
0.5722310770557009,
0.8943871709596389,
0.9352909374092782,
0.9147773405400158,
0.9170636272844838,
0.5138513928811408,
0.8477685644748371,
0.3081261555921424,
0.89297095987614,
0.17535699680789385,
0.6536522456854181,
0.8320147923893897,
0.7529158038206896,
0.7756372049216992,
0.942386889583515,
0.5522040228207655,
0.7071308273425405,
0.4138011131973732
