1,0.8879007510524008,
2,0.7841656051038902,
3,0.9915591556233231,
4,0.7486754346855667,
5,0.6359508057831118,
6,0.9695765983181573,
7,0.805166000980521,
8,0.9213404415032349,
9,0.6043817643089755,
10,0.8217526596575528,
11,0.9722718630727666,
12,0.8099556045598233,
13,0.9603277468316245,
14,0.7016273983484989,
15,0.5648274437750671,
16,0.8277484542040666,
17,0.7961141410658423,
18,0.8384488091445725,
19,0.8733010603648051,
20,0.5733268881602209,
21,0.3294013902931705,
22,0.6564816772338821,
23,0.5722310770557009,
24,0.8943871709596389,
25,0.9352909374092782,
26,0.9147773405400158,
27,0.9170636272844838,
28,0.5138513928811408,
29,0.8477685644748371,
30,0.3081261555921424,
31,0.89297095987614,
32,0.17535699680789385,
33,0.6536522456854181,
34,0.8320147923893897,
35,0.7529158038206896,
36,0.7756372049216992,
37,0.942386889583515,
38,0.5522040228207655,
39,0.7071308273425405,
40,0.4138011131973732,
41,0.6721130445860652,
42,0.7524876409191898,
43,0.7933283224805548,
44,0.6377507738101404,
45,0.6231727100458908,
46,0.7210386779958922,
47,0.719611801775646,
48,0.7951296813866844,
49,0.775933057896513,
50,0.7450247670729837,
51,0.9460548207830192,
52,0.8038511319579226,
53,0.8259255641773192,
54,0.680336862864849,
55,0.9021792597759639,
56,0.8338344439856332,
57,0.6965072583868787,
58,0.7911302274358992,
59,0.33514795512156514,
60,0.7032782601822544
