0.4839023102823324,
0.663218826000548,
0.8257851629753036,
0.6454453223229581,
0.5816351199991392,
0.8542363861493198,
0.8516044837513687,
0.9742323717862464,
0.874253088630466,
0.9117725624754796,
0.39364115708594005,
0.6582954707092975,
0.6302192209171378,
0.6509493522600487,
0.9885921179516239,
0.23980378457338447,
0.9088898564139586,
0.46830419270704055,
0.9343721065188445,
0.912642840086542,
0.5725374306321902,
0.926696452299845,
0.37982330848406465,
0.881315361719329,
0.769025605722715,
0.6854067255122251,
0.6971442438866262,
0.7357474527182533,
0.8804742006626043,
0.9101394575094182,
0.94939911848863,
0.7152188643902387,
0.5692610109169625,
0.8114838701944602,
0.506861471506002,
0.08732839299387563,
0.4921294730283692,
0.7630570657197098,
0.9861948100366055,
0.46924903167180027,
