0.3045569245633087,
0.8169675897290063,
0.9114390348446166,
0.18303763377024218,
0.9610854377812177,
0.9344845864832483,
0.3817851878505816,
0.7630097790494685,
0.3445235891691588,
0.6372676175935511,
0.869070082923236,
0.47075307927945603,
0.7403231893483296,
0.9561475191390687,
0.9708795626051003,
0.7851315747863249,
0.9566057789759914,
0.74834387418616,
0.7920122186731918,
0.5955407434508491,
0.529938649235777,
0.9652188909842048,
0.5179369821231113,
0.7106664383063003,
0.6007580654606582,
0.7300703618369795,
0.9798001559883203,
0.7652301884493057,
0.4728656148474983,
1.0,
0.40780193935439696,
0.5746436763110986,
0.5271173370139268,
0.6351014406697968,
0.7575214379321885,
0.5752288287015097,
0.7471975882993546,
0.9691049149637381,
0.5557928017131263,
0.5751330132170409,
