0.3045569245633087,
0.8169675897290063,
0.9114390348446166,
0.18303763377024218,
0.9610854377812177,
0.9344845864832483,
0.3817851878505816,
0.7630097790494685,
0.3445235891691588,
0.6372676175935511,
0.869070082923236,
0.47075307927945603,
0.7403231893483296,
0.9561475191390687,
0.9708795626051003,
0.7851315747863249,
0.9566057789759914,
0.74834387418616,
0.7920122186731918,
0.5955407434508491,
0.529938649235777,
0.9652188909842048,
0.5179369821231113,
0.7106664383063003,
0.6007580654606582,
0.7300703618369795,
0.9798001559883203,
0.7652301884493057,
0.4728656148474983,
1.0,
0.40780193935439696,
0.5746436763110986,
0.5271173370139268,
0.6351014406697968,
0.7575214379321885,
0.5752288287015097,
0.7471975882993546,
0.9691049149637381,
0.5557928017131263,
0.5751330132170409,
0.7225486966105608,
0.9136207899510365,
0.6995526731204313,
0.6503764395608568,
0.6843480151541333,
0.6324680055541384,
0.8070190414649614,
0.7335995173652488,
0.6869535794837389,
0.8456319765489495,
0.673297622741346,
0.3569994777791263,
0.6529009468569051,
0.8015093723657507,
0.5117269429602301,
0.954000987031233,
0.7472218502385439,
0.8145021435478268,
0.7794010471242312,
0.5939054649404307,
