0.8201926941370414,
0.16813471318240558,
0.4525684491298301,
0.6397755949044334,
0.5317813668627328,
0.7512049967076795,
0.6836395169351663,
0.7758278924079876,
0.6558100249629616,
1.0,
0.5757737501916171,
0.3276710578915811,
1.0,
0.8662555237839871,
0.9072103244592604,
0.9573001687857593,
0.5962872154714113,
0.6485331799087385,
0.5086187747733949,
0.6793714764439043,
0.7091899176691185,
0.8055097420733497,
0.5873711897564505,
0.7238297011511841,
1.0,
0.7774675670114073,
0.7920610790304445,
0.9062514524470585,
0.33588564469043425,
0.5559285870380719,
0.8650310742581685,
0.493672933911646,
0.9159325835271662,
0.5490735731902306,
0.8240736329038105,
0.8148022467264515,
0.6187899074789419,
0.49742974285408764,
0.7680331327646355,
0.7859235397968033,
0.7667133652353709,
0.8835006185860539,
0.4859582304153408,
0.9760070373241914,
0.8018628413907034,
0.8327044650513991,
0.6560335039908033,
0.6988865397312779,
0.7054069199022378,
1.0,
0.7787318631593149,
0.7307545206332438,
0.8863694485573923,
0.7411978382212132,
0.6771927295392557,
0.8230169882766748,
0.7278882167590628,
0.6770360787263295,
0.36509936218914296,
0.8578435032101412,
