0.2620563976236177,
0.5876409660902967,
0.24206967148592307,
0.2564809548439973,
0.09083073096966615,
0.10064858287389453,
0.23937141753039182,
0.36049001258298796,
0.41535434893638945,
0.34459454881192525,
0.4410983678349508,
0.27731551839655116,
0.17265558452376636,
0.26925209547131773,
0.3776349109721481,
0.15106881613847228,
0.5267760433421844,
0.28550876201473524,
0.6344491855903454,
0.22241638056311103,
0.21676536732214746,
0.2415646603592553,
0.04298998717079977,
0.32372452518001094,
0.1882318306020178,
0.041883183498747034,
0.3555369442321252,
0.14376806091559588,
0.12440684685698714,
0.3621050620327513,
0.0,
0.45509968244340787,
0.1760906048490145,
0.6596513773212243,
0.31124236850887427,
0.4314490518735715,
0.4528232093319027,
0.5637501885031961,
0.3281025712624011,
0.1962799777623409,
0.1782656848559147,
0.01519411982243124,
0.17079671041578443,
0.5167377991761274,
0.37218922378618824,
0.05049212319157734,
0.5758649755342716,
0.26114101331728884,
0.09643320467779518,
0.39806790666365527,
0.23164967931670916,
0.08071338293695193,
0.1316402925094901,
0.1541639235915214,
0.0,
0.16371741597064865,
0.4280483898930516,
0.46932514064541486,
0.768881644126687,
0.21393650524415503,
0.46943676940527534,
0.3367555367559179,
0.05143757573171265,
0.14314526942338926,
0.4720191478280608,
0.390579669215086,
0.2700850412222108,
0.39916339617210606,
0.19784137999513057,
0.09650612875628378,
0.31224688953107393,
0.0,
0.2635012721090868,
0.11486528102099455,
0.4635671013666795,
0.17273048748084205,
0.3997287799141471,
0.1648749099443296,
0.2356640083402538,
0.09378897600376768,
0.36378002044387514,
0.37671903003100293,
0.40054517816012475,
0.5369318466581829,
0.5498988394391595,
0.21003641580817356,
0.2031899496456825,
0.05414603374136545,
0.30736875976016137,
0.39438867402930433,
0.038633431334837764,
0.0,
0.4244070685979241,
0.5288637937479653,
0.537963459620352,
0.3334201049778075,
0.39277158452174615,
0.5520019135477324,
0.4365906390373671,
0.40881086958341484,
