0.2620563976236177,
0.5876409660902967,
0.24206967148592307,
0.2564809548439973,
0.09083073096966615,
0.10064858287389453,
0.23937141753039182,
0.36049001258298796,
0.41535434893638945,
0.34459454881192525,
0.4410983678349508,
0.27731551839655116,
0.17265558452376636,
0.26925209547131773,
0.3776349109721481,
0.15106881613847228,
0.5267760433421844,
0.28550876201473524,
0.6344491855903454,
0.22241638056311103,
0.21676536732214746,
0.2415646603592553,
0.04298998717079977,
0.32372452518001094,
0.1882318306020178,
0.041883183498747034,
0.3555369442321252,
0.14376806091559588,
0.12440684685698714,
0.3621050620327513,
0.0,
0.45509968244340787,
0.1760906048490145,
0.6596513773212243,
0.31124236850887427,
0.4314490518735715,
0.4528232093319027,
0.5637501885031961,
0.3281025712624011,
0.1962799777623409,
