0.5078728880255894,
0.8758930715851438,
0.7805207357540986,
0.4066191096920578,
0.8178256858801056,
0.3134622143326627,
0.7024423720951063,
0.36023353070481956,
0.7462242277678284,
0.37290925133836894,
0.525492665948252,
0.2555597219157819,
0.24669609621643213,
0.5536583604127713,
0.616461250933444,
0.4839440374436954,
0.32831205678415476,
0.4664849522693596,
0.39021317193626776,
0.6208824019855885,
0.6546867576293113,
0.44431011697448874,
0.34172414720122635,
0.5873999677583815,
0.39534433653254364,
0.42481212706065524,
0.2877731722981307,
0.33571107342091766,
0.42936495776726363,
0.4131094348005026,
0.2773029570505673,
0.2521962035755657,
0.3993466342996935,
0.3416949109832158,
0.04535751073426897,
0.5915486485163783,
0.42199568235156437,
0.6020100132592,
0.508861347306859,
0.5891218004095957,
0.604914013285257,
0.4014992296391374,
0.3119743473504696,
0.7620257381834235,
0.1984767601732524,
0.5856347344120013,
0.8903150119376434,
0.43937399754249884,
0.5916475881619861,
0.4471636733101224,
0.4032268367342226,
0.32143090344076064,
0.42355545183271215,
0.5018773866759901,
0.677698450048601,
0.42933785954640347,
0.41183783791089473,
0.35241552905378093,
0.6949966097826472,
0.31388500651682394,
0.6970663699425116,
0.6913886841029104,
0.6665154878834118,
0.8701411679173101,
0.31088883120293476,
0.16698573923453064,
0.47486342625645,
0.5227209141998165,
0.907932165577332,
0.6025732247282072,
0.7673940711684204,
0.15250739988091278,
0.4728162406361414,
0.6167379075057948,
0.7218973442604446,
0.3662172470555124,
0.14042484939986866,
0.8969873589400845,
0.5430031147075044,
0.7021946007863483,
0.6092186947489207,
0.4050069367461291,
0.07084978458518054,
0.571335667654836,
0.5162346761180668,
0.6790988221504118,
0.5682457126617803,
0.6579540072700687,
0.5121952551715557,
0.29386478443296293,
0.579426639573628,
0.656422964738857,
0.6901821543598289,
0.5729958575973254,
0.4647352760856198,
0.8320843888491583,
0.29421471533365395,
0.43785421492741694,
0.560377573628666,
0.3567358010989115,
