0.7085999109390222,
0.7276828227243312,
0.8512700848542314,
0.8229883096843967,
0.40281530662160764,
0.65277690747314,
0.6270480239052211,
0.8838121260106879,
0.6452699285368257,
0.8595019215730286,
0.7521692295398443,
0.7441025659982793,
0.9494248609054503,
0.6972816663109317,
0.6230492290901687,
1.0,
0.6886983025889958,
0.5994974123245704,
0.7281152221197877,
0.648154390154714,
0.6085127316170217,
0.7851879396381558,
0.710477101705131,
0.49122955211276775,
0.5551610560120984,
0.6524847413413284,
0.8986220513497161,
0.6246674884297324,
0.600470565924807,
0.5052505161595968,
0.7592955995573982,
0.43552152099181585,
1.0,
0.5469155533090446,
0.35205952326338147,
0.8268184583615401,
0.25262059517935165,
0.5437960976064997,
0.7816662186016293,
0.8437570311006195,
0.3827114125517336,
0.8314625484694871,
0.5374574338254714,
0.8292359041845537,
0.7268557091862738,
1.0,
0.9151800505483954,
0.7134937226156254,
0.6444980170411629,
0.9759049521070888,
0.7234546831214188,
0.6412302791997322,
0.5687752362638184,
0.39689000120892876,
0.7329185897225088,
0.8005560622085721,
0.7732061111427373,
0.9985076932199479,
0.5739617527770062,
0.9783360273294002,
