0.5210371883352569,
0.6710307698519187,
0.5788288153021929,
0.4982009579701187,
0.17589926042716553,
0.5366693522073608,
0.33550373443015924,
0.2222459128900422,
0.5908806971723616,
0.5714831720595306,
0.3989075482907058,
0.31083732694792443,
0.0671807061021315,
0.5669521220456206,
0.5212577224548154,
0.39766728008466345,
0.49443550195316144,
0.6897278211374773,
0.512423413518208,
0.3799875931973533,
0.708044329079328,
0.5697924869962712,
0.8146531869955932,
0.22097087211214744,
0.2024968895585732,
0.4752663814861632,
0.4623812854198768,
0.6229926735237526,
0.21602690276785796,
0.35340665180312536,
0.4614522443643022,
0.4096626723017967,
0.4679027658098503,
0.2688168558045274,
0.248642243008854,
0.3175309417585117,
0.36737882104199404,
0.21828722684054913,
0.29979332325011554,
0.23086384247337782,
0.4733406836961375,
0.43663865786096656,
0.3530160489897256,
0.7714534221503426,
0.3404501609056888,
0.2599411686540214,
0.047713359649772136,
0.7026710658182809,
0.960909386199281,
0.2760934356686938,
0.2232398188183724,
0.3708336722691947,
0.4955495997387941,
0.6246457856698973,
0.5203907745310163,
0.24320944521531956,
0.1033153544142082,
0.4123952163595454,
0.856551445960622,
0.5642496484971562,
