0.246018851793507,
0.0,
0.014953123303131255,
0.4025522827472374,
0.2508037588357481,
0.4053173434564836,
0.4610339910607421,
0.34638854466541574,
0.4159789456290629,
0.1438862875020459,
0.5292569252150933,
0.0,
0.0033841493968279623,
0.23189430599036864,
0.06224782977316659,
0.011906482091647963,
0.1717772740150609,
0.0,
0.24060571323167998,
0.0,
0.2730344425730339,
0.27312241070342,
0.10608394372043989,
0.1378329105931791,
0.0,
0.37232797900857195,
0.21708252906061826,
0.2011542801693713,
0.4430631638123316,
0.18389717441817258,
0.09010558673590385,
0.1647167345286715,
0.0,
0.363625565501967,
0.38156604316318965,
0.06468905726171376,
0.487133611667689,
0.2205535532642942,
0.9831868304959062,
0.2490966743420197,
