0.246018851793507,
0.0,
0.014953123303131255,
0.4025522827472374,
0.2508037588357481,
0.4053173434564836,
0.4610339910607421,
0.34638854466541574,
0.4159789456290629,
0.1438862875020459,
0.5292569252150933,
0.0,
0.0033841493968279623,
0.23189430599036864,
0.06224782977316659,
0.011906482091647963,
0.1717772740150609,
0.0,
0.24060571323167998,
0.0,
0.2730344425730339,
0.27312241070342,
0.10608394372043989,
0.1378329105931791,
0.0,
0.37232797900857195,
0.21708252906061826,
0.2011542801693713,
0.4430631638123316,
0.18389717441817258,
0.09010558673590385,
0.1647167345286715,
0.0,
0.363625565501967,
0.38156604316318965,
0.06468905726171376,
0.487133611667689,
0.2205535532642942,
0.9831868304959062,
0.2490966743420197,
0.2151755182073441,
0.6311727228928342,
0.6484167504906007,
0.28168665779166757,
0.39204052244503346,
0.23887104549472118,
0.5664959041766169,
0.2143978080775374,
0.20907318499671151,
0.003686675038674758,
0.13983230619544354,
0.3438523707563307,
0.003684241810358868,
0.20958218672583173,
0.03199424505022824,
0.37559261282503964,
0.3206958020675349,
0.42328758714491166,
0.6221756915774284,
0.7128964341976693,
0.3164055090257118,
0.1618768429201064,
0.4956368307248841,
0.06619292168193708,
0.17504656511633165,
0.5174860825348817,
0.7333060096584338,
0.17417935140774735,
0.5044745880561433,
0.36519185334679316,
0.25186326420987737,
0.07553508970168402,
0.41332905514491064,
0.42700898533724563,
0.521560650555718,
0.1478674586939189,
0.6527360871775955,
0.3996182754098917,
0.3011336655650459,
0.0,
