0.9258176971552281,
0.9797752647583156,
0.6659192400384906,
0.880521503854935,
0.7652132523432923,
0.7678726709335879,
0.5479125498664179,
0.5191785737969759,
0.8117663838882843,
0.9873800005113667,
0.729683352501679,
0.6601934722724558,
0.7853530080457349,
0.9236364601553719,
0.8817593815013703,
0.47185834535177146,
0.9432422429286214,
0.7673743444439713,
0.7221914577943268,
0.6187382297976806,
0.8849482791319967,
0.966101626623152,
0.33952427778189376,
0.7536777581087251,
0.7955280131353277,
0.9764585193676271,
0.8723359539906944,
0.8823015469207598,
0.9409768436745858,
0.8705668463948597,
0.9283891953182015,
0.6797054393416871,
0.8933037937183738,
0.2727886881011856,
0.9682515820785778,
0.8494189322829415,
0.795347341690456,
0.8513035682024409,
0.9532321634075441,
0.7222022989435735,
0.8906208781231325,
0.5314424026948645,
0.9211635424894848,
0.9706830204774701,
0.5396597288543445,
0.9805976659314013,
0.813347548253738,
0.9206115867995207,
0.5618078479585876,
0.8185823203822499,
0.3482354193732765,
0.41953788587778595,
0.6963879654242495,
0.751803616745118,
0.8044095226293656,
0.8799829191587677,
0.9735663816220319,
0.6731251796582116,
0.8808783821101935,
0.5021846989151513,
0.4156974909120998,
0.8049436760372516,
0.5250538992971912,
0.6132236348407609,
0.8890109350005247,
0.6703859421330669,
0.8432093227738845,
0.8675504262160028,
0.27791522800817403,
0.8103665733760416,
0.6945307333174753,
0.6961944028745277,
0.46654723152374555,
0.8293269425883444,
0.9846183814084146,
0.4817399776621055,
0.8750769015785202,
0.9647259191406731,
0.6576119391177115,
0.4988955275253794,
0.7929876965808251,
0.9971999228806889,
0.9405599817488917,
0.7451477334134831,
0.7042363916957639,
0.7828638033052828,
0.7690613560337842,
0.4686636162139522,
0.8003344928147836,
0.9799602884951585,
0.6544266458197836,
0.8133967586769648,
0.8108158543453082,
0.6603346962038976,
0.3222144903383677,
0.3244622794382357,
0.5078945282574305,
0.8935075622466206,
0.6779382978922325,
0.7016894534783455

