1,0.9258176971552281,
2,0.9797752647583156,
3,0.6659192400384906,
4,0.880521503854935,
5,0.7652132523432923,
6,0.7678726709335879,
7,0.5479125498664179,
8,0.5191785737969759,
9,0.8117663838882843,
10,0.9873800005113667,
11,0.729683352501679,
12,0.6601934722724558,
13,0.7853530080457349,
14,0.9236364601553719,
15,0.8817593815013703,
16,0.47185834535177146,
17,0.9432422429286214,
18,0.7673743444439713,
19,0.7221914577943268,
20,0.6187382297976806,
21,0.8849482791319967,
22,0.966101626623152,
23,0.33952427778189376,
24,0.7536777581087251,
25,0.7955280131353277,
26,0.9764585193676271,
27,0.8723359539906944,
28,0.8823015469207598,
29,0.9409768436745858,
30,0.8705668463948597,
31,0.9283891953182015,
32,0.6797054393416871,
33,0.8933037937183738,
34,0.2727886881011856,
35,0.9682515820785778,
36,0.8494189322829415,
37,0.795347341690456,
38,0.8513035682024409,
39,0.9532321634075441,
40,0.7222022989435735
