0.9258176971552281,
0.9797752647583156,
0.6659192400384906,
0.880521503854935,
0.7652132523432923,
0.7678726709335879,
0.5479125498664179,
0.5191785737969759,
0.8117663838882843,
0.9873800005113667,
0.729683352501679,
0.6601934722724558,
0.7853530080457349,
0.9236364601553719,
0.8817593815013703,
0.47185834535177146,
0.9432422429286214,
0.7673743444439713,
0.7221914577943268,
0.6187382297976806,
0.8849482791319967,
0.966101626623152,
0.33952427778189376,
0.7536777581087251,
0.7955280131353277,
0.9764585193676271,
0.8723359539906944,
0.8823015469207598,
0.9409768436745858,
0.8705668463948597,
0.9283891953182015,
0.6797054393416871,
0.8933037937183738,
0.2727886881011856,
0.9682515820785778,
0.8494189322829415,
0.795347341690456,
0.8513035682024409,
0.9532321634075441,
0.7222022989435735,
0.8906208781231325,
0.5314424026948645,
0.9211635424894848,
0.9706830204774701,
0.5396597288543445,
0.9805976659314013,
0.813347548253738,
0.9206115867995207,
0.5618078479585876,
0.8185823203822499,
0.3482354193732765,
0.41953788587778595,
0.6963879654242495,
0.751803616745118,
0.8044095226293656,
0.8799829191587677,
0.9735663816220319,
0.6731251796582116,
0.8808783821101935,
0.5021846989151513
