0.4928110997543539,
0.40285050670402456,
0.6740136822413949,
0.28014157882565127,
0.5119830558102078,
0.11707210498326531,
0.3639537107231846,
0.48719075144832186,
0.9357094874641458,
0.5751145732644112,
0.49515461526508064,
0.6001562156116832,
0.0574630595454656,
0.4446218400519063,
0.7349571914550057,
0.44360792288743184,
0.3707245049926189,
0.4148048515170609,
0.5622479855392543,
0.205978130537934,
0.5553877638134221,
0.12498499925249107,
0.5521137883556311,
0.45288455190904514,
0.9091425090085863,
0.525062960850836,
0.44858050158802865,
0.4802004128023036,
0.5136299287948751,
0.0919994850480938,
0.3155064688758843,
0.4533930165737848,
0.2967255700080229,
0.4802170864216428,
0.5972796757309835,
0.7337079069770914,
0.6679889050867787,
0.5024703873170655,
0.3610525573486548,
0.6772937168224498,
0.8075883601862457,
0.24946790500056415,
0.7156498383892925,
0.5589939839141971,
0.5180410880590853,
0.6211547178828416,
0.24797335501995238,
0.7428984628013462,
0.6872282344262,
0.7067870965631621,
0.6536961552656313,
0.28841582655221243,
0.653189823298191,
0.5176364635637332,
0.6362455556827015,
0.44793053477603817,
0.8088441148482262,
0.8033549320819047,
0.652904777410567,
0.3164620501557869,
0.5322236208637681,
0.37440517125902617,
0.36083038127495604,
0.26110235853705543,
0.6109534800280597,
0.5422613735030732,
0.3393289965810019,
0.7350027269083088,
0.19162489611566286,
0.2968598454944777,
0.6592635572904939,
0.6446997578184166,
0.6090287285798346,
0.41685348229722746,
0.005367926147052948,
0.04641239499308064,
0.46201468661800466,
0.48164712306101565,
0.6623096840848572,
0.26786808406378493,
0.7770092261622787,
0.42360912151408325,
0.48188999713063474,
0.21584757476566613,
0.6669321663231483,
0.6945604768006584,
0.610818904694073,
0.3401864047980132,
0.3367840942069482,
0.49417217430016325,
0.5027155346204907,
0.3197959432830605,
0.5455572358014456,
0.7249287245593375,
0.7336106015337811,
0.20375063809477073,
0.30024127427255415,
0.6432947690417754,
0.8000336840611525,
0.26021124390862727,
