0.4598069009932987,
0.4213917850631307,
0.3260251231176027,
0.6534578957384566,
0.5013506587185922,
0.6993257683862372,
0.5798621064125912,
0.2532246713071583,
0.4557462922969203,
0.7114061962767493,
0.5372949901168862,
0.7419062468415489,
0.320434698905134,
0.6643720252669097,
0.5479626026767925,
0.8162545826316692,
0.5575699405839378,
0.5493540730769315,
0.49208083019104776,
0.5875847252669799,
0.4071352318304363,
0.39640798698508445,
0.6344200288679813,
0.5555643026217735,
0.31201651578949396,
0.6084815018698723,
0.45523658264397204,
0.6794733371729484,
0.5220475432376446,
0.2902780379019526,
0.7803100255982183,
0.35248947839598443,
0.3845684198712606,
0.5714318987031637,
0.35572428541953616,
0.4908639694628906,
0.3143718933300414,
0.3188695087389174,
0.25725723065113837,
0.8867853509627911,
0.5669261620192949,
0.43391001698115644,
0.543636538547484,
0.5146650218210168,
0.9204868275590528,
0.578498472511055,
0.5581839984192225,
0.5504408829934364,
0.770090856657823,
0.3054996587340731,
0.3076366536370907,
0.5501317473989779,
0.6340171625604883,
0.31838995153848826,
0.5001180804657523,
0.7312397143170016,
0.5545348291692956,
0.9015789182618108,
0.4669939038862294,
0.45247774205669244,
0.578007041065697,
0.8585413397590058,
0.4523311730396845,
0.4431450104353454,
0.17537733849350462,
0.5367034081222469,
0.26573298230627396,
0.7514211730006916,
0.7272998330375476,
0.428641099986258,
0.2968261166808883,
0.6327464244117451,
0.20744532780555525,
0.6295549959710607,
0.31343514302929704,
0.541934488936601,
0.31472108540067834,
0.34421333530021164,
0.31100590433855213,
0.6850053099981505,
