1,0.7920376282597309,
2,0.8710212316110977,
3,0.5601552896358614,
4,0.6385504256293855,
5,0.7339726383843692,
6,0.8568478233621554,
7,0.6538948797480902,
8,0.7227932260333807,
9,0.551718633589837,
10,0.5413493918788065,
11,0.5236639299425698,
12,0.7384007399830413,
13,0.8956354179406941,
14,0.633462493687204,
15,0.8796777403152809,
16,0.6470126148690434,
17,0.9975744259841539,
18,0.5099604655561787,
19,0.9412083436347997,
20,0.8043346808288258,
21,0.6532978158843206,
22,0.624302292180156,
23,0.6036313556892183,
24,0.8731451941149697,
25,0.7767970650058725,
26,0.8319959403576568,
27,0.8452063116964773,
28,0.6020799083746866,
29,0.626246343823533,
30,0.4340938457216749,
31,0.31469063749482995,
32,0.9776097137799082,
33,0.9097396677808526,
34,0.8392669184718512,
35,0.9166607621712332,
36,0.6368765184868859,
37,0.9624326256564674,
38,0.8743750112853954,
39,0.9853906176415407,
40,0.7361510146666538,
41,0.5365316072527169,
42,0.6039883910443622,
43,0.8190643953973706,
44,0.7151644196315081,
45,0.9351319999860598,
46,0.9900806743358135,
47,0.4897257134177016,
48,0.7506445143783806,
49,0.9473613216370156,
50,0.9910786690105513,
51,0.7385588412663621,
52,0.5848387331990919,
53,0.5280371521701236,
54,0.8190970220822293,
55,0.7782656156130487,
56,0.6910074141422691,
57,0.9446505544283578,
58,0.631809869659063,
59,0.62711526292535,
60,0.5350049943180833,
61,0.8000906217993213,
62,0.740624067797394,
63,0.7386146377738517,
64,0.8384448914390321,
65,0.5005949577642763,
66,0.805064305939191,
67,0.5302056583471371,
68,0.6894825544852073,
69,0.910305319756151,
70,0.7291124289654706,
71,0.9524845667559936,
72,0.6168643563905154,
73,0.6970201459987411,
74,0.6927538647214696,
75,0.8616434714968448,
76,0.9643639026343712,
77,0.9395666669072793,
78,0.8316236343089838,
79,0.5885816158682433,
80,0.2877019848527388,
81,0.43074047882340716,
82,0.6958639244907059,
83,0.7581558994219096,
84,0.9539279081581007,
85,0.9294873306645407,
86,0.6693217750869694,
87,0.9479771552030287,
88,0.5490813502368308,
89,0.8514561271164829,
90,0.528693055951629,
91,0.9952190799218407,
92,0.9624340747595681,
93,0.8455659552471715,
94,0.6199828857034849,
95,0.5382122584318667,
96,0.7345295130162419,
97,0.33066189435481497,
98,0.6923453033888229,
99,0.8901454064325358,
100,0.9063791319809892
