0.7920376282597309,
0.8710212316110977,
0.5601552896358614,
0.6385504256293855,
0.7339726383843692,
0.8568478233621554,
0.6538948797480902,
0.7227932260333807,
0.551718633589837,
0.5413493918788065,
0.5236639299425698,
0.7384007399830413,
0.8956354179406941,
0.633462493687204,
0.8796777403152809,
0.6470126148690434,
0.9975744259841539,
0.5099604655561787,
0.9412083436347997,
0.8043346808288258,
0.6532978158843206,
0.624302292180156,
0.6036313556892183,
0.8731451941149697,
0.7767970650058725,
0.8319959403576568,
0.8452063116964773,
0.6020799083746866,
0.626246343823533,
0.4340938457216749,
0.31469063749482995,
0.9776097137799082,
0.9097396677808526,
0.8392669184718512,
0.9166607621712332,
0.6368765184868859,
0.9624326256564674,
0.8743750112853954,
0.9853906176415407,
0.7361510146666538,
0.5365316072527169,
0.6039883910443622,
0.8190643953973706,
0.7151644196315081,
0.9351319999860598,
0.9900806743358135,
0.4897257134177016,
0.7506445143783806,
0.9473613216370156,
0.9910786690105513,
0.7385588412663621,
0.5848387331990919,
0.5280371521701236,
0.8190970220822293,
0.7782656156130487,
0.6910074141422691,
0.9446505544283578,
0.631809869659063,
0.62711526292535,
0.5350049943180833,
0.8000906217993213,
0.740624067797394,
0.7386146377738517,
0.8384448914390321,
0.5005949577642763,
0.805064305939191,
0.5302056583471371,
0.6894825544852073,
0.910305319756151,
0.7291124289654706,
0.9524845667559936,
0.6168643563905154,
0.6970201459987411,
0.6927538647214696,
0.8616434714968448,
0.9643639026343712,
0.9395666669072793,
0.8316236343089838,
0.5885816158682433,
0.2877019848527388,
0.43074047882340716,
0.6958639244907059,
0.7581558994219096,
0.9539279081581007,
0.9294873306645407,
0.6693217750869694,
0.9479771552030287,
0.5490813502368308,
0.8514561271164829,
0.528693055951629,
0.9952190799218407,
0.9624340747595681,
0.8455659552471715,
0.6199828857034849,
0.5382122584318667,
0.7345295130162419,
0.33066189435481497,
0.6923453033888229,
0.8901454064325358,
0.9063791319809892
