0.7920376282597309,
0.8710212316110977,
0.5601552896358614,
0.6385504256293855,
0.7339726383843692,
0.8568478233621554,
0.6538948797480902,
0.7227932260333807,
0.551718633589837,
0.5413493918788065,
0.5236639299425698,
0.7384007399830413,
0.8956354179406941,
0.633462493687204,
0.8796777403152809,
0.6470126148690434,
0.9975744259841539,
0.5099604655561787,
0.9412083436347997,
0.8043346808288258,
0.6532978158843206,
0.624302292180156,
0.6036313556892183,
0.8731451941149697,
0.7767970650058725,
0.8319959403576568,
0.8452063116964773,
0.6020799083746866,
0.626246343823533,
0.4340938457216749,
0.31469063749482995,
0.9776097137799082,
0.9097396677808526,
0.8392669184718512,
0.9166607621712332,
0.6368765184868859,
0.9624326256564674,
0.8743750112853954,
0.9853906176415407,
0.7361510146666538
