0.03337444939696743,
0.16877360296091432,
0.05454669029325923,
0.3254070169975943,
0.38125861460194826,
0.2986913561686888,
0.2626977358393745,
0.32743676248600334,
0.19152750435371985,
0.14687863841018584,
0.553402597836073,
0.5146428470660239,
0.255891899268404,
0.0,
0.38128622505367793,
0.3198199004945362,
0.25916962697844675,
0.3891911502942587,
0.42717369766447244,
0.02106157704551498,
0.1552378244262009,
0.5847469444704245,
0.09944146767546094,
0.4628805640084064,
0.38418462658628416,
0.47726159889850617,
0.194409618594378,
0.38302520725730316,
0.05238165265000269,
0.7181234049938632,
0.4035875431167288,
0.4507046879840791,
0.012456403961043583,
0.10026628775348889,
0.11306094514699605,
0.38456029679144677,
0.061669671174319984,
0.13863606188133165,
0.4838087013415557,
0.2028001726640408,
