0.03337444939696743,
0.16877360296091432,
0.05454669029325923,
0.3254070169975943,
0.38125861460194826,
0.2986913561686888,
0.2626977358393745,
0.32743676248600334,
0.19152750435371985,
0.14687863841018584,
0.553402597836073,
0.5146428470660239,
0.255891899268404,
0.0,
0.38128622505367793,
0.3198199004945362,
0.25916962697844675,
0.3891911502942587,
0.42717369766447244,
0.02106157704551498,
0.1552378244262009,
0.5847469444704245,
0.09944146767546094,
0.4628805640084064,
0.38418462658628416,
0.47726159889850617,
0.194409618594378,
0.38302520725730316,
0.05238165265000269,
0.7181234049938632,
0.4035875431167288,
0.4507046879840791,
0.012456403961043583,
0.10026628775348889,
0.11306094514699605,
0.38456029679144677,
0.061669671174319984,
0.13863606188133165,
0.4838087013415557,
0.2028001726640408,
0.22782542063884964,
0.37756269980396645,
0.7725224786068112,
0.5472027082392609,
0.0,
0.4483056572466807,
0.3267582994750478,
0.1773725459336476,
0.1788361237694785,
0.3822791651538943,
0.5539548823409771,
0.4530202278629609,
0.24205838745856426,
0.26165111856738377,
0.06233380319109666,
0.3496636049591926,
0.45996459376379917,
0.20302746420961698,
0.6463878486377992,
0.12243110616972816,
0.59541211225779,
0.2861136871846136,
0.3850919155733107,
0.16802713914858686,
0.6053823349048268,
0.05837841304385155,
0.5047604191422104,
0.42327964708229293,
0.428418818679529,
0.4218818049094882,
0.6734693717759146,
0.2806975901372434,
0.4284596015612835,
0.16814470697082287,
0.6617908740960394,
0.25618971891643966,
0.27428927523953583,
0.08799790873706478,
0.19249294987363347,
0.8018219633429027,
