0.5425339913374156,
0.6992048223689331,
0.9078087409571076,
0.2947557937374726,
0.6265682186408641,
0.26090693403094817,
0.7313636307370964,
0.5087800573777308,
0.3651865649463914,
0.48377782320822654,
0.461601720985024,
0.4823399693925631,
0.34611561096020327,
0.4906885915170995,
0.5765649362441064,
0.28729254576625357,
0.4647502984600779,
0.25622620979889865,
0.5798008727440879,
0.48470060225676576,
0.3797004530567198,
0.3892586848970804,
0.7552802551868348,
0.6927049014732132,
0.39650628056093806,
0.5612233920620127,
0.45308840507200066,
0.38578451539777514,
0.381649200001158,
0.24679414530485466,
0.8584435042526792,
0.2233647435997519,
0.6042237834417279,
0.16885790040916038,
0.5492193789897698,
0.5223514886826565,
0.5401658776914752,
0.6909153496675513,
0.33983910147706187,
0.6210942007884451,
