0.5425339913374156,
0.6992048223689331,
0.9078087409571076,
0.2947557937374726,
0.6265682186408641,
0.26090693403094817,
0.7313636307370964,
0.5087800573777308,
0.3651865649463914,
0.48377782320822654,
0.461601720985024,
0.4823399693925631,
0.34611561096020327,
0.4906885915170995,
0.5765649362441064,
0.28729254576625357,
0.4647502984600779,
0.25622620979889865,
0.5798008727440879,
0.48470060225676576,
0.3797004530567198,
0.3892586848970804,
0.7552802551868348,
0.6927049014732132,
0.39650628056093806,
0.5612233920620127,
0.45308840507200066,
0.38578451539777514,
0.381649200001158,
0.24679414530485466,
0.8584435042526792,
0.2233647435997519,
0.6042237834417279,
0.16885790040916038,
0.5492193789897698,
0.5223514886826565,
0.5401658776914752,
0.6909153496675513,
0.33983910147706187,
0.6210942007884451,
0.3666444956322805,
0.7552795917530758,
0.35308240946131675,
0.6460640401385171,
0.5576709374108286,
0.18604991571981389,
0.4175489459746961,
0.6621834618469227,
0.5508234268440334,
0.549727900592984,
0.5498405803785217,
0.24544932653635126,
0.5208766952549746,
0.6756325421627323,
0.4188088750407384,
0.42099447744362206,
0.2013193761749451,
0.3119351261653053,
0.6247222049450232,
0.6369466285541661,
0.33754394012574324,
0.42206169529523674,
0.46844432320992685,
0.48887184835522385,
0.2238785309877956,
0.2832078075394795,
0.30024553540419474,
0.9627808533222677,
0.6073871479626861,
0.21809473119001638,
0.37143505335581073,
0.45396204218677594,
0.7626911536105365,
0.8850476421693867,
0.3867463942907491,
0.7617110607131155,
0.5698181023848401,
0.893118675280065,
0.25979005974193203,
0.31061265063568344,
