0.330077845451508,
0.12139682288564096,
0.4759743027553952,
0.11244700350293968,
0.019955537679126945,
0.20089547084353676,
0.36437332543592066,
0.4074012607064181,
0.16447588870221874,
0.015095664777569351,
0.11360585541605789,
0.0,
0.3633048188330269,
0.2880393481884282,
0.23550261386559895,
0.7988435423447254,
0.4020924178729982,
0.45251886980227846,
0.0,
0.2440471421708445,
0.2922140218677272,
0.29990340196840254,
0.15536051943691426,
0.0,
0.1386387444853859,
0.24301799187111098,
0.08733581087947992,
0.16348460901027814,
0.11904970943918214,
0.35495773762648314,
0.21361206340956174,
0.2964052914332435,
0.12384061138530558,
0.0,
0.324658165790429,
0.4639710204964992,
0.430423353456551,
0.2696730977264189,
0.45130496908724876,
0.3224456526446975,
0.32967719351048447,
0.38614882317868976,
0.10670495397289778,
0.5136587379336762,
0.388613611084026,
0.0,
0.43114005452635074,
0.2482411458003567,
0.36169319953540047,
0.29058032790493443,
0.21530936378870524,
0.3056489833246599,
0.4109631404182891,
0.08511398741702647,
0.15350243177956915,
0.18679278674770788,
0.614756193411197,
0.44595467976090897,
0.43022893113946936,
0.0,
