0.7449514618808911,
0.7301251449382151,
0.6156082989671212,
0.7840121461748708,
0.9264714549066592,
0.8702100081729506,
0.7920982287553274,
0.8762811796718161,
0.6584897820296718,
0.739171540605849,
0.9637203701596646,
0.4659236633943318,
0.5981464609866796,
0.652812983731237,
0.9789371394446928,
0.7750290279012272,
0.48526921351423874,
0.468603404478841,
0.9494689706543684,
0.7779131286551274,
0.8747157375097456,
0.8817286347527757,
0.9766828940481476,
0.4705971607527021,
0.7936837189219784,
0.7853144320374964,
0.3832489658805822,
0.9224600608667369,
0.39199043219591945,
0.76083061536993,
0.7337583146067077,
0.5351419003743609,
0.4121806465171285,
0.8271166035001427,
0.484988333521793,
0.8747664305092854,
0.92615738708768,
0.3237232535600344,
0.915715426472782,
0.7400772512065166,
0.7772495321086894,
0.6500524246571111,
0.7142511793143526,
0.45180341229351545,
0.48744620470674044,
0.6515156688051085,
0.6199878493109119,
0.5764769633399602,
0.7635927806166672,
0.457782912252115,
0.6753149748943653,
0.5280867960991189,
0.9921241198059015,
0.9103542977666433,
0.728291415684276,
0.9929963033888252,
0.8756073214921644,
0.898312083761984,
0.8872398356949347,
0.5866716968250794,
0.7221688850462167,
0.6720102438816056,
0.8267808098096201,
0.9092704111995655,
0.7194510466467878,
0.7770986512466002,
0.43772614608744126,
0.8652396413230664,
0.8531218202821372,
0.968443562946612,
0.4042331450916293,
0.7679160445218998,
0.663639594491892,
0.8501850416545466,
0.9899810229944691,
0.3816162752214034,
0.4996621731110616,
0.9186099145445052,
0.7870906939051594,
0.6579744349233502,
0.7858375254454317,
0.8811336633022328,
0.8256384214729532,
0.3881016917720497,
0.6294476093944159,
0.619029358788763,
0.6547829097889079,
0.6746328370437483,
0.9154997439254364,
0.5107023479229424,
0.9343448075739473,
0.9691991935534282,
0.6506700663439897,
0.5398975007318738,
0.6468028499378392,
0.5228037851856444,
0.6572111350865827,
0.7959116850634756,
0.6280417893210724,
0.5511951228276091


