0.7449514618808911,
0.7301251449382151,
0.6156082989671212,
0.7840121461748708,
0.9264714549066592,
0.8702100081729506,
0.7920982287553274,
0.8762811796718161,
0.6584897820296718,
0.739171540605849,
0.9637203701596646,
0.4659236633943318,
0.5981464609866796,
0.652812983731237,
0.9789371394446928,
0.7750290279012272,
0.48526921351423874,
0.468603404478841,
0.9494689706543684,
0.7779131286551274,
0.8747157375097456,
0.8817286347527757,
0.9766828940481476,
0.4705971607527021,
0.7936837189219784,
0.7853144320374964,
0.3832489658805822,
0.9224600608667369,
0.39199043219591945,
0.76083061536993,
0.7337583146067077,
0.5351419003743609,
0.4121806465171285,
0.8271166035001427,
0.484988333521793,
0.8747664305092854,
0.92615738708768,
0.3237232535600344,
0.915715426472782,
0.7400772512065166
