1,0.7449514618808911,
2,0.7301251449382151,
3,0.6156082989671212,
4,0.7840121461748708,
5,0.9264714549066592,
6,0.8702100081729506,
7,0.7920982287553274,
8,0.8762811796718161,
9,0.6584897820296718,
10,0.739171540605849,
11,0.9637203701596646,
12,0.4659236633943318,
13,0.5981464609866796,
14,0.652812983731237,
15,0.9789371394446928,
16,0.7750290279012272,
17,0.48526921351423874,
18,0.468603404478841,
19,0.9494689706543684,
20,0.7779131286551274,
21,0.8747157375097456,
22,0.8817286347527757,
23,0.9766828940481476,
24,0.4705971607527021,
25,0.7936837189219784,
26,0.7853144320374964,
27,0.3832489658805822,
28,0.9224600608667369,
29,0.39199043219591945,
30,0.76083061536993,
31,0.7337583146067077,
32,0.5351419003743609,
33,0.4121806465171285,
34,0.8271166035001427,
35,0.484988333521793,
36,0.8747664305092854,
37,0.92615738708768,
38,0.3237232535600344,
39,0.915715426472782,
40,0.7400772512065166,
41,0.7772495321086894,
42,0.6500524246571111,
43,0.7142511793143526,
44,0.45180341229351545,
45,0.48744620470674044,
46,0.6515156688051085,
47,0.6199878493109119,
48,0.5764769633399602,
49,0.7635927806166672,
50,0.457782912252115,
51,0.6753149748943653,
52,0.5280867960991189,
53,0.9921241198059015,
54,0.9103542977666433,
55,0.728291415684276,
56,0.9929963033888252,
57,0.8756073214921644,
58,0.898312083761984,
59,0.8872398356949347,
60,0.5866716968250794
