0.4452966775222785,
0.7411905172329671,
0.7074546440201237,
1.0,
0.5788603115449038,
0.7439526364111554,
0.6130934161043093,
0.7294030711406772,
0.39984897482442394,
0.5530786892620074,
0.7260178963229424,
0.34405585424662527,
0.5264026152892415,
1.0,
0.44108711730229155,
0.3690854624877269,
0.6031692918202387,
0.693793239544797,
0.8753542485772724,
0.8718151100188435,
0.6863346672725105,
0.4585724879551382,
0.9245248629320791,
0.7992363133372296,
0.7345693927048409,
0.8400276115791553,
0.5421825141711655,
0.7898552736677507,
0.524469559351121,
0.6109543997418143,
0.21719459720869505,
0.6495509905980167,
0.8104297207066689,
0.6676368353499762,
0.9123046896506785,
0.5248998056255794,
0.5620556603470898,
0.5075982335078848,
0.6749510213334393,
1.0,
0.8771116729345914,
0.3866706118318439,
0.9216656859778605,
0.6446884782349026,
0.500555600251759,
0.548272305594952,
0.5342313328257535,
0.44270760113693114,
0.8153016031122104,
0.8429014530923027,
0.7086320032419321,
0.48484739508518854,
0.8032037832725392,
0.6736352133615024,
0.8085673781933072,
0.9993469566253323,
0.5831830383391631,
0.9323045625679137,
0.5621122464178467,
0.3009193441854755,
0.6632023842283666,
0.7698487092076287,
0.7117710206456633,
0.6520023272554232,
0.6040711975965816,
1.0,
0.9355682270887433,
0.5662199957935315,
0.6611990294047816,
0.7734862273584632,
0.7703849391742449,
0.8526179233384816,
0.4866615676114139,
0.834228449717505,
0.3352495304808754,
0.5431113037900889,
0.7236124526421375,
0.6528357502584948,
0.5876684033373235,
0.4838164991488002,
0.8993882217762057,
0.8843512559714038,
0.4735363811163238,
0.7464762897151913,
1.0,
0.7306374701183972,
0.6628762061591333,
0.6016984102547376,
0.8058192225326719,
0.930755098857441,
0.5301007739240793,
0.7188360914012041,
0.7018371951944494,
1.0,
0.6896901320614569,
0.43922345991209727,
0.5934422690134109,
0.5759721252457516,
0.7801997435864773,
1.0,
