0.4452966775222785,
0.7411905172329671,
0.7074546440201237,
1.0,
0.5788603115449038,
0.7439526364111554,
0.6130934161043093,
0.7294030711406772,
0.39984897482442394,
0.5530786892620074,
0.7260178963229424,
0.34405585424662527,
0.5264026152892415,
1.0,
0.44108711730229155,
0.3690854624877269,
0.6031692918202387,
0.693793239544797,
0.8753542485772724,
0.8718151100188435,
0.6863346672725105,
0.4585724879551382,
0.9245248629320791,
0.7992363133372296,
0.7345693927048409,
0.8400276115791553,
0.5421825141711655,
0.7898552736677507,
0.524469559351121,
0.6109543997418143,
0.21719459720869505,
0.6495509905980167,
0.8104297207066689,
0.6676368353499762,
0.9123046896506785,
0.5248998056255794,
0.5620556603470898,
0.5075982335078848,
0.6749510213334393,
1.0,
