0.4452966775222785,
0.7411905172329671,
0.7074546440201237,
1.0,
0.5788603115449038,
0.7439526364111554,
0.6130934161043093,
0.7294030711406772,
0.39984897482442394,
0.5530786892620074,
0.7260178963229424,
0.34405585424662527,
0.5264026152892415,
1.0,
0.44108711730229155,
0.3690854624877269,
0.6031692918202387,
0.693793239544797,
0.8753542485772724,
0.8718151100188435,
0.6863346672725105,
0.4585724879551382,
0.9245248629320791,
0.7992363133372296,
0.7345693927048409,
0.8400276115791553,
0.5421825141711655,
0.7898552736677507,
0.524469559351121,
0.6109543997418143,
0.21719459720869505,
0.6495509905980167,
0.8104297207066689,
0.6676368353499762,
0.9123046896506785,
0.5248998056255794,
0.5620556603470898,
0.5075982335078848,
0.6749510213334393,
1.0,
0.8771116729345914,
0.3866706118318439,
0.9216656859778605,
0.6446884782349026,
0.500555600251759,
0.548272305594952,
0.5342313328257535,
0.44270760113693114,
0.8153016031122104,
0.8429014530923027,
0.7086320032419321,
0.48484739508518854,
0.8032037832725392,
0.6736352133615024,
0.8085673781933072,
0.9993469566253323,
0.5831830383391631,
0.9323045625679137,
0.5621122464178467,
0.3009193441854755,
