0.6130187401800448,
0.36947461856132247,
0.09357523526021214,
0.35670930905739207,
0.2742634524537668,
0.20877381720072213,
0.3492724344911918,
0.4287602973970679,
0.5211435929772609,
0.07300148177684757,
0.10386501972395032,
0.24974011473791657,
0.3841705578958378,
0.2622926510325039,
0.5208434729217583,
0.14013406836347528,
0.4031836358625947,
0.4313915516309563,
0.06572892969950433,
0.5551164194828778,
0.44759038671960194,
0.31346369944627145,
0.3421912826046922,
0.27321480160374173,
0.0,
0.0,
0.37192491722663557,
0.48918898730144633,
0.47246320838504346,
0.14497957641834208,
0.0,
0.21940634627408118,
0.08637291918494144,
0.1721971426265641,
0.2515608954793627,
0.7515491819636902,
0.3019307904916768,
0.5377191606492777,
0.4527191000506644,
0.3188599799450321,
0.0,
0.0,
0.23041117313169385,
0.0,
0.1995435004700083,
0.1661919925734053,
0.5117638813329074,
0.40525166903812465,
0.26562194260360783,
0.013708368837490048,
0.07414877749464382,
0.25031356949826045,
0.6039076468117321,
0.41603997441303114,
0.4413441752156862,
0.5688295184968523,
0.2821019730577918,
0.4287373426831362,
0.39953553541664866,
0.3373087035900218,
0.2243309137964774,
0.24704264812661278,
0.5075028350910268,
0.3219471190801296,
0.2670928898107476,
0.0665872176929111,
0.4862119382362396,
0.42355286146879756,
0.3693328205124883,
0.6011819409344311,
0.16064910869768728,
0.39926059625015325,
0.13442965286670366,
0.4604360782498593,
0.28632427523998744,
0.262686495177584,
0.26895512684687684,
0.19355540961805343,
0.6444428389394408,
0.3384753573561965,
0.4259760861574749,
0.5839253347878365,
0.19074358149269183,
0.7045204045823674,
0.6349153525899531,
0.309000856925196,
0.26021878600309345,
0.5320795285530713,
0.19755148960945412,
0.23297174500047715,
0.0,
0.43148024783111516,
0.5136824605029109,
0.5930865254475096,
0.16608099995072845,
0.2020252113160822,
0.35115748825460047,
0.25180413828083825,
0.3950246632865031,
0.39173078028039776,
