0.6130187401800448,
0.36947461856132247,
0.09357523526021214,
0.35670930905739207,
0.2742634524537668,
0.20877381720072213,
0.3492724344911918,
0.4287602973970679,
0.5211435929772609,
0.07300148177684757,
0.10386501972395032,
0.24974011473791657,
0.3841705578958378,
0.2622926510325039,
0.5208434729217583,
0.14013406836347528,
0.4031836358625947,
0.4313915516309563,
0.06572892969950433,
0.5551164194828778,
0.44759038671960194,
0.31346369944627145,
0.3421912826046922,
0.27321480160374173,
0.0,
0.0,
0.37192491722663557,
0.48918898730144633,
0.47246320838504346,
0.14497957641834208,
0.0,
0.21940634627408118,
0.08637291918494144,
0.1721971426265641,
0.2515608954793627,
0.7515491819636902,
0.3019307904916768,
0.5377191606492777,
0.4527191000506644,
0.3188599799450321,
