0.5246789355634645,
0.7377114482827354,
0.626708485432752,
0.8615500365080191,
0.608702543063205,
0.8030258421847478,
0.9991665357151013,
0.8470414282687677,
0.7970305723724841,
0.8153149521270416,
0.6050799589266931,
0.5090094228017374,
0.4725429646121788,
0.660886140640385,
0.9151954511909364,
0.8616607544820019,
0.8528077280336382,
0.5757993360827443,
0.5025160936490891,
0.8949378918681042,
0.6364181253455407,
0.6137938237937531,
0.7277865848966811,
0.6159967542203456,
0.7008446856626092,
0.842345103129142,
1.0,
0.39680098493582383,
1.0,
0.21175698761726125,
0.7633241637095861,
0.775825565937388,
0.744408054392631,
1.0,
0.7729226780826908,
0.550786904858441,
0.6527193753413082,
0.7776110213568969,
0.7848780909130417,
0.5628594155290921,
