0.6396731229817415,
0.9734971954760748,
0.7895171394501593,
0.40622936541620797,
0.5816922275814728,
0.7044410726480888,
0.6290259970727785,
0.5760925828489872,
0.6389270840229124,
0.9460108190189382,
0.8657616474486931,
0.8432123201452668,
0.6017631696989206,
0.5520470825295805,
0.6488585751936718,
0.7178986844878665,
0.2027660901448134,
0.5095373240141559,
0.993604794060444,
0.9154140355795863,
0.6091241077092018,
0.9507999272722818,
0.6739247397669897,
0.6677770260728801,
0.8722008582086553,
0.9729900515247183,
0.4867427412907206,
0.9076103751378246,
0.6054503495768423,
0.9268988444055702,
0.508601507035701,
0.5569735818848356,
0.9304571395619503,
0.693706161318769,
0.777113849841168,
0.880071491774109,
0.7371797957835373,
0.508306442451052,
0.6493118742953118,
0.5141650565890171,
0.7545462082135468,
0.6953393471167402,
0.6668991680823696,
0.6653079739229547,
0.5197328020192045,
0.6804333151214083,
0.881593468571914,
1.0,
0.7808615430745819,
0.49218495695880127,
0.3121425201150652,
0.7436357483107248,
0.7440310679635909,
0.35679094491797986,
0.7482408346576741,
0.5115143339449342,
1.0,
0.48301809101771287,
0.9143720843247392,
0.4624115306340053,
