0.26767988778026797,
0.0,
0.3338543842034526,
0.04727878440768718,
0.11983301849581635,
0.19974109665748607,
0.11895092119000408,
0.33209892367266053,
0.17469997045424324,
0.43272554091756854,
0.28081233471767025,
0.0,
0.23089176044429066,
0.47820389726305323,
0.5723065381128866,
0.3357663072583392,
0.5036434403049077,
0.47733534761686436,
0.2619791823241109,
0.10640919880061087,
0.0,
0.43606841210836733,
0.18157300047752833,
0.0,
0.37283205712975326,
0.23986021413386246,
0.0,
0.5848369898659387,
0.23794390379485764,
0.24135185326698294,
0.2170559382907467,
0.2709514033055384,
0.2535985172280345,
0.523889681872529,
0.35484162672272945,
0.21833339282369865,
0.6993346136517509,
0.40119038159068865,
0.3495460106365157,
0.1685438970648955,
