0.26767988778026797,
0.0,
0.3338543842034526,
0.04727878440768718,
0.11983301849581635,
0.19974109665748607,
0.11895092119000408,
0.33209892367266053,
0.17469997045424324,
0.43272554091756854,
0.28081233471767025,
0.0,
0.23089176044429066,
0.47820389726305323,
0.5723065381128866,
0.3357663072583392,
0.5036434403049077,
0.47733534761686436,
0.2619791823241109,
0.10640919880061087,
0.0,
0.43606841210836733,
0.18157300047752833,
0.0,
0.37283205712975326,
0.23986021413386246,
0.0,
0.5848369898659387,
0.23794390379485764,
0.24135185326698294,
0.2170559382907467,
0.2709514033055384,
0.2535985172280345,
0.523889681872529,
0.35484162672272945,
0.21833339282369865,
0.6993346136517509,
0.40119038159068865,
0.3495460106365157,
0.1685438970648955,
0.3421549724629421,
0.2916765111189483,
0.37690672353567894,
0.046945249644193,
0.3806290557616318,
0.3487090349027808,
0.16059881542607657,
0.13489180311057908,
0.5527356346112133,
0.3616549796384454,
0.4202864177471626,
0.6629484669170622,
0.33433378700999683,
0.46709460618198817,
0.2306514911907625,
0.0,
0.503231648355946,
0.16665562767818828,
0.34186932937373815,
0.27547348075547134,
0.12967266506426395,
0.22218326510502234,
0.4886759199191433,
0.5789830923442454,
0.2917190623611377,
0.08450468392140159,
0.12301981735844497,
0.5549532101796566,
0.5922758488254084,
0.2556625297089613,
0.0,
0.2186782316173585,
0.4777175996756271,
0.0,
0.3987926587191031,
0.32643451585261973,
0.38947285812134236,
0.26943065718252934,
0.36528091665523665,
0.7105802110681048,
