0.6082886086898536,
0.2029235450520669,
0.5591064837658856,
0.13874076980722633,
0.577761185839791,
0.45015045934673503,
0.2812258388240733,
0.6815192801841402,
0.251726236102626,
0.0,
0.5299386315906521,
0.5710852696808052,
0.8037895142963101,
0.7771677904260432,
0.4343668722305367,
0.06627183392624303,
0.8180119883862269,
0.7014326653189895,
0.47366878891524056,
0.44710558085595037,
0.6033471421867533,
0.19008172191096695,
0.44016151735440906,
0.3704667762453826,
0.4132522214173282,
0.40169255343206944,
0.15718481599271383,
0.21222584572175435,
0.2706839121790504,
0.7867512061590165,
0.45042010572343294,
0.7119925161332262,
0.6431164242903514,
0.20728034639530857,
0.48903672084246397,
0.49867861783155154,
0.3859393690283872,
0.4680331495228322,
0.4225242650497534,
0.5699236219010295,
0.2620149221550785,
0.7093316027633744,
0.36919223467891615,
0.47570404547160267,
0.44133423217742035,
0.48724968039520733,
0.5015191960534402,
0.2411679125208056,
0.27107371136259667,
0.3049058757122827,
0.5343588651631406,
0.4884426257793343,
0.8121028302614115,
0.5738232553983384,
0.384041199996095,
0.4208031396997368,
0.936786468421318,
0.45990420413671373,
0.4822393403638318,
0.4006796991401045,
0.39054263723416416,
0.0737555550584777,
0.44437748210429706,
0.32264721670044333,
0.05795098280171529,
0.4694243252601085,
0.02056054492169146,
0.6836133299033118,
0.2528742339280472,
0.20221163933415298,
0.25290586898079515,
0.47140346421758095,
0.4960348489034518,
0.38398852689582547,
0.6489712908201294,
0.5786882968330682,
0.4118667745357539,
0.26405172661992915,
0.6031221219432242,
0.5547738485625308,
0.40910746321998265,
0.6720722101061136,
0.4994174891614408,
0.3188511125328015,
0.5330637585723186,
0.6507475001682701,
0.7277703469995516,
0.3729564783343048,
0.5907032779962967,
0.47170430278998515,
0.2545372629430646,
0.5510612536066766,
0.2203057489792702,
0.5261019203061871,
0.6226859307708459,
0.6218363208152003,
0.48281761517158733,
0.7103050943037179,
0.6736392192306987,
0.5478557063904019,
