0.6082886086898536,
0.2029235450520669,
0.5591064837658856,
0.13874076980722633,
0.577761185839791,
0.45015045934673503,
0.2812258388240733,
0.6815192801841402,
0.251726236102626,
0.0,
0.5299386315906521,
0.5710852696808052,
0.8037895142963101,
0.7771677904260432,
0.4343668722305367,
0.06627183392624303,
0.8180119883862269,
0.7014326653189895,
0.47366878891524056,
0.44710558085595037,
0.6033471421867533,
0.19008172191096695,
0.44016151735440906,
0.3704667762453826,
0.4132522214173282,
0.40169255343206944,
0.15718481599271383,
0.21222584572175435,
0.2706839121790504,
0.7867512061590165,
0.45042010572343294,
0.7119925161332262,
0.6431164242903514,
0.20728034639530857,
0.48903672084246397,
0.49867861783155154,
0.3859393690283872,
0.4680331495228322,
0.4225242650497534,
0.5699236219010295,
