0.8228484049047499,
0.9636104909044867,
0.6263670806565396,
0.5161424196700599,
0.7119537050211047,
0.7525436357259521,
0.6097145559804117,
0.5299620825350256,
0.7409005141409318,
0.606003157974031,
0.6979690677850127,
0.8472399764006305,
0.48245052848709746,
0.5671936994045562,
0.8304276373222886,
0.7476832643568186,
0.7222649188595034,
0.7482435311395288,
0.799505901641141,
0.6121002168897285,
0.818103212485888,
0.46439567044924157,
0.8078196534009867,
0.5170862881861917,
0.8185283802044447,
0.6098499517434652,
0.7307141707436341,
0.6333918274793576,
1.0,
0.8025097496136171,
1.0,
0.7083153675336161,
0.6043316539339374,
0.3007372849291239,
0.5252220603780284,
0.7334633251627488,
0.8029724542651036,
0.7062905948212786,
0.7213346629735968,
1.0,
1.0,
0.7393640719132991,
0.7360381974423847,
0.9456760432603484,
0.731178599449155,
0.8075051430310347,
0.7530417374751459,
0.5184078904465684,
0.6149497253939591,
0.3761243251110424,
0.9060105614031942,
0.9261338610520307,
0.3775596270004839,
0.8759162701897542,
0.497295149765812,
0.7145368998190615,
0.8117873294766187,
0.4246926767071332,
0.3957868191602807,
0.9029960128198015,
0.49113766254095015,
0.7245404585655459,
0.9203038678913662,
0.6787177349477956,
0.8210664344144144,
0.4829745379109336,
0.6903024639813362,
0.43273240790177964,
0.6796696832585878,
0.6911661681323347,
0.8080305360004506,
0.3696960606552041,
0.34910641221513977,
0.9959838451450636,
0.9092832328558207,
0.7246007237149338,
0.7316919503532778,
0.7140661425209265,
0.7012544663026609,
1.0,
0.21052072441777592,
0.9475601048902522,
0.8680088582586689,
0.5882024706481537,
0.8358383233920729,
0.7683305401220064,
0.8592624923285953,
0.5074114478097267,
0.7841592842744168,
0.6361075564230869,
0.7212330061880013,
0.5017788798975633,
0.7059592728479539,
0.4872626615392261,
0.5785345379597802,
0.5319391289563108,
0.6955160218586157,
0.8058939434126553,
0.5968033813569102,
0.9272044972217531,
