0.8228484049047499,
0.9636104909044867,
0.6263670806565396,
0.5161424196700599,
0.7119537050211047,
0.7525436357259521,
0.6097145559804117,
0.5299620825350256,
0.7409005141409318,
0.606003157974031,
0.6979690677850127,
0.8472399764006305,
0.48245052848709746,
0.5671936994045562,
0.8304276373222886,
0.7476832643568186,
0.7222649188595034,
0.7482435311395288,
0.799505901641141,
0.6121002168897285,
0.818103212485888,
0.46439567044924157,
0.8078196534009867,
0.5170862881861917,
0.8185283802044447,
0.6098499517434652,
0.7307141707436341,
0.6333918274793576,
1.0,
0.8025097496136171,
1.0,
0.7083153675336161,
0.6043316539339374,
0.3007372849291239,
0.5252220603780284,
0.7334633251627488,
0.8029724542651036,
0.7062905948212786,
0.7213346629735968,
1.0,
