0.6429927609089165,
0.48125416304598295,
0.6549412149724883,
0.6573615133307118,
0.5506578810988118,
0.5400533956108615,
0.564155082472038,
0.3895314043201505,
0.5924679473838497,
0.38623299420760415,
0.2728150582206616,
0.7248769456867531,
0.265640553383637,
0.35744981052883684,
0.3316078486320784,
0.6931640197527307,
0.3505026449980091,
0.27713282884070023,
0.6289057311048014,
0.31820165546589574,
0.5650454719985047,
0.4543943264015986,
0.04423105527286947,
0.6583388391512321,
0.3011927663768138,
0.6041575721777526,
0.6780074503641282,
0.3203103659573467,
0.45414908796081604,
0.3700634050829047,
0.6136376597402325,
0.8911034554381576,
0.5440538480449763,
0.4878128545278805,
0.5485037502352468,
0.9657564654802779,
0.46473755443950504,
0.48237067970042585,
0.2955826543845804,
0.1625319914546567,
0.7291351430950027,
0.7516113929377214,
0.250032457771015,
0.21935664477306732,
0.24216209849134224,
0.5599597175093293,
0.32138588161354864,
0.4901427160071057,
0.558709920554648,
0.5736266501874405,
0.46610472086013816,
0.8656281120894742,
0.521634961483516,
0.7554396636307343,
0.2917226856187177,
0.7052281102252381,
0.14875876981144553,
0.782098473812337,
0.0,
0.18430131103690517,
0.3388306430713235,
0.07395605442183217,
0.4265019963686844,
0.5570258832063227,
0.85552556502131,
0.7589891414772094,
0.5704426744533233,
0.45437620775094817,
0.26726605691780575,
0.71138332848403,
0.5243771535773881,
0.4918081141799477,
0.6898600554553433,
0.5768250986569685,
0.6733399606218878,
0.8053474149747588,
0.25037688152899285,
0.6202092508215562,
0.5398575027578723,
0.6203686123202489,
