1,0.6490715502420363,
2,0.6385735665270962,
3,0.4179632598990532,
4,0.5498222197747388,
5,0.5150273615635879,
6,0.6615839947623345,
7,0.6436783266369767,
8,0.9454679606971883,
9,0.4104692567199218,
10,0.5918840063081072,
11,0.3321213210135502,
12,0.7016866256910239,
13,0.757876633252467,
14,0.6397677285952432,
15,0.8258922837617427,
16,0.8192329313797726,
17,0.8466386307711288,
18,0.7381410632774307,
19,0.45209197420602426,
20,0.15093716648152677,
21,0.6623525433872931,
22,0.48324705385520517,
23,0.6908008112113655,
24,0.9664587257225319,
25,0.895995404578793,
26,0.7148873829220321,
27,0.27712619395972393,
28,0.8544245542992119,
29,0.8715246895815062,
30,0.8447559769917657,
31,0.872700097993583,
32,0.9381881015750577,
33,0.5783708912239349,
34,0.904649891854045,
35,0.8915736746888924,
36,0.9101711705945126,
37,0.4938100128547195,
38,0.7115960284254059,
39,0.7444062807832299,
40,0.48860531175153865,
41,0.9920213586621476,
42,0.6699589014502236,
43,0.4174405916293626,
44,0.32333895054224493,
45,0.9596681543291873,
46,0.7019443543786544,
47,0.8845097361201207,
48,0.882410210284365,
49,0.4686864190751279,
50,0.7201018645132156,
51,0.8150081554154978,
52,0.9026433897986718,
53,0.5347119938941871,
54,0.827666009624027,
55,0.637555674623776,
56,0.38533275982636384,
57,0.6525627740230109,
58,0.7712318399269484,
59,0.6826170872039224,
60,0.8670492807677721,
61,0.1860877203393031,
62,0.5989224105999983,
63,0.5495991321451241,
64,0.9947477424933229,
65,0.8609557200795972,
66,0.5605429359633827,
67,0.6818576114815392,
68,0.8713173040138212,
69,0.6711394541535503,
70,0.048702782954153645,
71,0.7457920817760212,
72,0.5877689731867133,
73,0.1836455503613441,
74,0.8493012654847314,
75,0.6638149502060786,
76,0.5854706916737168,
77,0.7479161727499657,
78,0.8853800686000631,
79,0.9407246433021796,
80,0.9260726249286315,
81,0.6701873858328392,
82,0.6340999106947529,
83,0.6491986493472903,
84,0.8313899868536845,
85,0.8187349356888387,
86,0.7483305629811814,
87,0.266707009567249,
88,0.9770801989879172,
89,0.3332600217623708,
90,0.5703896313334458,
91,0.7677611163758217,
92,0.9737022144493214,
93,0.6770761038481048,
94,0.792322699290385,
95,0.6830765525724489,
96,0.8286577917845077,
97,0.6695499062930889,
98,0.46890243275629784,
99,0.677814101980807,
100,0.6469908375394797
