0.6490715502420363,
0.6385735665270962,
0.4179632598990532,
0.5498222197747388,
0.5150273615635879,
0.6615839947623345,
0.6436783266369767,
0.9454679606971883,
0.4104692567199218,
0.5918840063081072,
0.3321213210135502,
0.7016866256910239,
0.757876633252467,
0.6397677285952432,
0.8258922837617427,
0.8192329313797726,
0.8466386307711288,
0.7381410632774307,
0.45209197420602426,
0.15093716648152677,
0.6623525433872931,
0.48324705385520517,
0.6908008112113655,
0.9664587257225319,
0.895995404578793,
0.7148873829220321,
0.27712619395972393,
0.8544245542992119,
0.8715246895815062,
0.8447559769917657,
0.872700097993583,
0.9381881015750577,
0.5783708912239349,
0.904649891854045,
0.8915736746888924,
0.9101711705945126,
0.4938100128547195,
0.7115960284254059,
0.7444062807832299,
0.48860531175153865,
0.9920213586621476,
0.6699589014502236,
0.4174405916293626,
0.32333895054224493,
0.9596681543291873,
0.7019443543786544,
0.8845097361201207,
0.882410210284365,
0.4686864190751279,
0.7201018645132156,
0.8150081554154978,
0.9026433897986718,
0.5347119938941871,
0.827666009624027,
0.637555674623776,
0.38533275982636384,
0.6525627740230109,
0.7712318399269484,
0.6826170872039224,
0.8670492807677721,
0.1860877203393031,
0.5989224105999983,
0.5495991321451241,
0.9947477424933229,
0.8609557200795972,
0.5605429359633827,
0.6818576114815392,
0.8713173040138212,
0.6711394541535503,
0.048702782954153645,
0.7457920817760212,
0.5877689731867133,
0.1836455503613441,
0.8493012654847314,
0.6638149502060786,
0.5854706916737168,
0.7479161727499657,
0.8853800686000631,
0.9407246433021796,
0.9260726249286315,
0.6701873858328392,
0.6340999106947529,
0.6491986493472903,
0.8313899868536845,
0.8187349356888387,
0.7483305629811814,
0.266707009567249,
0.9770801989879172,
0.3332600217623708,
0.5703896313334458,
0.7677611163758217,
0.9737022144493214,
0.6770761038481048,
0.792322699290385,
0.6830765525724489,
0.8286577917845077,
0.6695499062930889,
0.46890243275629784,
0.677814101980807,
0.6469908375394797
