0.6490715502420363,
0.6385735665270962,
0.4179632598990532,
0.5498222197747388,
0.5150273615635879,
0.6615839947623345,
0.6436783266369767,
0.9454679606971883,
0.4104692567199218,
0.5918840063081072,
0.3321213210135502,
0.7016866256910239,
0.757876633252467,
0.6397677285952432,
0.8258922837617427,
0.8192329313797726,
0.8466386307711288,
0.7381410632774307,
0.45209197420602426,
0.15093716648152677,
0.6623525433872931,
0.48324705385520517,
0.6908008112113655,
0.9664587257225319,
0.895995404578793,
0.7148873829220321,
0.27712619395972393,
0.8544245542992119,
0.8715246895815062,
0.8447559769917657,
0.872700097993583,
0.9381881015750577,
0.5783708912239349,
0.904649891854045,
0.8915736746888924,
0.9101711705945126,
0.4938100128547195,
0.7115960284254059,
0.7444062807832299,
0.48860531175153865
