0.768691400866463,
0.6367723105442881,
0.4431309616694348,
0.6539139721601094,
0.7754948334550583,
0.3013726643940112,
0.6797035497161892,
1.0,
0.6510249332617614,
0.8705607512089132,
0.526877878237006,
0.5925594482423098,
1.0,
0.8711204090916602,
0.6163881010160689,
0.7853341271902081,
1.0,
0.6880972757633469,
0.3476722942275887,
0.7932046455513491,
0.48199632078878374,
0.6088225752976457,
0.874060251793207,
0.6160141894130945,
0.6634160547907672,
0.8990395076018826,
0.6367438474597645,
0.791681930031678,
0.6732149443676431,
0.6486740036635466,
0.5419616238112998,
0.982359712257668,
0.6438939280675053,
0.6730300213064545,
0.3694439030289515,
0.6937218978958999,
0.4522644998936315,
0.8168856368285615,
0.6027891846384651,
0.4477641053592836,
1.0,
0.6874070825710227,
0.8649710364028947,
0.62676839134695,
0.5515785932555158,
0.8044281564060503,
0.7542830744403305,
0.33137080926254225,
1.0,
0.6127565954464114,
0.7332970611719518,
0.3245660382481328,
0.8649658520595422,
0.5748215690689925,
0.8263109913268039,
0.6182235894301423,
1.0,
0.7972125851799985,
1.0,
0.7458052675273404,
0.6712900287802683,
0.5204248029030243,
0.4916673498048785,
0.43833107949055733,
0.8755303696041571,
0.5999285936890174,
1.0,
0.9941371860886077,
0.7586769793581326,
0.5580838303565955,
0.4552428772587489,
0.6171595391324968,
0.8057417185709623,
0.7556336196080748,
0.826807288718385,
0.7921617716978755,
0.8403314801123339,
0.5238320871630275,
0.896116045665093,
0.698376446635774,
0.5938383683769829,
0.7615952030732783,
0.7043077374400788,
0.5567785475644298,
0.6573093658252779,
0.5513887736982026,
0.754810499739782,
0.7117801394083418,
1.0,
0.6626310940299586,
0.4401768164704967,
0.8561046230146764,
0.7466354647325422,
0.7816822587521823,
0.6026971590939691,
0.8770481355951312,
0.5196402994475987,
1.0,
0.3910309906996129,
0.4626467889095961,
