0.768691400866463,
0.6367723105442881,
0.4431309616694348,
0.6539139721601094,
0.7754948334550583,
0.3013726643940112,
0.6797035497161892,
1.0,
0.6510249332617614,
0.8705607512089132,
0.526877878237006,
0.5925594482423098,
1.0,
0.8711204090916602,
0.6163881010160689,
0.7853341271902081,
1.0,
0.6880972757633469,
0.3476722942275887,
0.7932046455513491,
0.48199632078878374,
0.6088225752976457,
0.874060251793207,
0.6160141894130945,
0.6634160547907672,
0.8990395076018826,
0.6367438474597645,
0.791681930031678,
0.6732149443676431,
0.6486740036635466,
0.5419616238112998,
0.982359712257668,
0.6438939280675053,
0.6730300213064545,
0.3694439030289515,
0.6937218978958999,
0.4522644998936315,
0.8168856368285615,
0.6027891846384651,
0.4477641053592836,
