0.6765610458001325,
0.26623610700939104,
0.45619629735905715,
0.3777927083849597,
0.8627673552984734,
0.6331763448775257,
0.5895939243038536,
0.6651748141834821,
0.4760383603939006,
0.5136052562806748,
0.32628184755669065,
0.588648147791614,
0.3406789245950226,
0.27418193908571914,
0.5062882303638581,
0.5570341434219902,
0.8451314136238813,
0.8953181046553887,
0.636645952870037,
0.7775312926812143,
0.5053011893575495,
0.5808935672513994,
0.6618369888894999,
0.0396714422455961,
0.3629092574658387,
0.5773019144612914,
0.5071184954292532,
0.5992689717722667,
0.8516951140613199,
0.670829425816054,
0.46392418907791144,
0.39462105567498085,
0.4896743329564178,
0.5825082423474954,
0.7048710976577602,
0.15857209337419476,
0.42799093656968396,
0.7981538030882269,
0.19985437857489302,
0.2545324051539464,
0.8045755387648194,
0.472446844092618,
0.5582523228121317,
0.573019167432419,
0.17407013479416383,
0.5394185453791951,
0.3473001069686683,
0.17785757603575358,
0.14067799676291398,
0.7737275537959383,
0.8152959342441084,
0.38850813971705467,
0.48663540594534294,
0.6227966699929576,
0.12269371598180795,
0.9552298167875719,
0.7374987824078896,
0.2582706537501191,
0.8853133995155895,
0.685765923647124,
