0.32163821918163243,
0.5063788341559512,
0.15919341569874515,
0.2298899650224212,
0.3192576636324012,
0.4738509970427489,
0.24777369921458398,
0.3673553053090236,
0.05988746030987538,
0.09629809522655866,
0.264605343206905,
0.2144169278215694,
0.1526181287599007,
0.2368894249611521,
0.2257336232998105,
0.30855493598027495,
0.1893249255823806,
0.4812506605488031,
0.49822493600511986,
0.11949011325378445,
0.4650886738398709,
0.043845768075353564,
0.19302912711261733,
0.039536601068916655,
0.5711566317792637,
0.4788591632457434,
0.4596541714309795,
0.11823502642318279,
0.3913133748242156,
0.08001605150354835,
0.16120478693238283,
0.275904837453279,
0.4228534699288751,
0.09075111581622525,
0.0,
0.2991338669746435,
0.35572909522429075,
0.26091452833625256,
0.5403910966553223,
0.19723257740615502,
0.0,
0.35859993044856847,
0.3310026167769914,
0.10399280077758491,
0.4646928166312363,
0.3975180356590498,
0.16562597455249187,
0.16112098990528698,
0.4044886236932472,
0.49456421408791246,
0.39105765512203994,
0.33082028185029094,
0.35362044896206013,
0.7301052191307986,
0.27418624153347704,
0.26596330353233444,
0.0,
0.30840947336927305,
0.0,
0.274958275331396,
0.26402877802484254,
0.3524853257507508,
0.29137620638894857,
0.5051457353545354,
0.15755949771845165,
0.04577206016062946,
0.32281142863609347,
0.18285760032205292,
0.41689538770522677,
0.7417391505770623,
0.34758092658262396,
0.28296686222033807,
0.26945600995707153,
0.2278492414475916,
0.4746444076288453,
0.2596753201401045,
0.28717613392136665,
0.4010456717312318,
0.07572536485927428,
0.2705757622729398,
0.48181686796939754,
0.256108424128673,
0.17685420478982383,
0.21152375442390614,
0.0,
0.00917073361610904,
0.34843180547251307,
0.23597332584528175,
0.3396679684282153,
0.10044838217994723,
0.3336767088767455,
0.20746039411712103,
0.7231348739672592,
0.09863560625481999,
0.0,
0.07072678195848006,
0.40058060349502334,
0.3400061314014556,
0.24136088731569555,
0.2856989054200805,
