0.32163821918163243,
0.5063788341559512,
0.15919341569874515,
0.2298899650224212,
0.3192576636324012,
0.4738509970427489,
0.24777369921458398,
0.3673553053090236,
0.05988746030987538,
0.09629809522655866,
0.264605343206905,
0.2144169278215694,
0.1526181287599007,
0.2368894249611521,
0.2257336232998105,
0.30855493598027495,
0.1893249255823806,
0.4812506605488031,
0.49822493600511986,
0.11949011325378445,
0.4650886738398709,
0.043845768075353564,
0.19302912711261733,
0.039536601068916655,
0.5711566317792637,
0.4788591632457434,
0.4596541714309795,
0.11823502642318279,
0.3913133748242156,
0.08001605150354835,
0.16120478693238283,
0.275904837453279,
0.4228534699288751,
0.09075111581622525,
0.0,
0.2991338669746435,
0.35572909522429075,
0.26091452833625256,
0.5403910966553223,
0.19723257740615502,
