0.0,
0.39105372692028184,
0.6598709297919934,
0.3972936869797609,
0.43524631663910884,
0.4311983136469124,
0.10187368045445394,
0.46646909852764223,
0.30807390147773156,
0.5739668856365431,
0.1016661011089103,
0.12540691776657198,
0.3895125647525568,
0.2919572790882707,
0.3806449677785049,
0.45802732500251075,
0.23485117549340123,
0.310171635637,
0.057780931178540385,
0.2623987584474685,
0.24089537304399106,
0.1607042069924046,
0.2790260977979969,
0.17725453746691125,
0.08740923311729171,
0.08020258013130596,
0.2339360644521988,
0.437331971651192,
0.26869393023833765,
0.3410318227433927,
0.0,
0.3013919857522141,
0.04019236151660288,
0.5146748893822786,
0.10564803887507246,
0.25355340674400006,
0.30945847673256444,
0.14389895333862907,
0.21805015016682439,
0.24192887874824348,
