0.0,
0.39105372692028184,
0.6598709297919934,
0.3972936869797609,
0.43524631663910884,
0.4311983136469124,
0.10187368045445394,
0.46646909852764223,
0.30807390147773156,
0.5739668856365431,
0.1016661011089103,
0.12540691776657198,
0.3895125647525568,
0.2919572790882707,
0.3806449677785049,
0.45802732500251075,
0.23485117549340123,
0.310171635637,
0.057780931178540385,
0.2623987584474685,
0.24089537304399106,
0.1607042069924046,
0.2790260977979969,
0.17725453746691125,
0.08740923311729171,
0.08020258013130596,
0.2339360644521988,
0.437331971651192,
0.26869393023833765,
0.3410318227433927,
0.0,
0.3013919857522141,
0.04019236151660288,
0.5146748893822786,
0.10564803887507246,
0.25355340674400006,
0.30945847673256444,
0.14389895333862907,
0.21805015016682439,
0.24192887874824348,
0.0,
0.13877663331975745,
0.40951355931128725,
0.10922296425132372,
0.029270272449442025,
0.23325811142638253,
0.4648017184376616,
0.2642583212880662,
0.172610654144016,
0.49305027437069837,
0.0,
0.6305229116393579,
0.4786659012765357,
0.16705610435253118,
0.20943163516872368,
0.16161907522363003,
0.11139692210722532,
0.27986843873007067,
0.7295722620140555,
0.4136065567356656,
0.2138841394479776,
0.15372567774712736,
0.5546935225706011,
0.27752604443402024,
0.24901067905940194,
0.26653059443149296,
0.15008947599043118,
0.0,
0.33698250328134055,
0.3454094865445472,
0.24012223328481935,
0.3573177040675355,
0.0,
0.2925902814217815,
0.20625776717106897,
0.4409583200602478,
0.1383585856741695,
0.19565546841870055,
0.11000858673812047,
0.35164264253346633,
