0.38714524025895014,
0.5669859803770478,
0.32690613666199053,
0.5782238577116101,
0.5252314117515254,
0.567679722392217,
0.459197878310563,
0.5140336494156746,
0.689952206692972,
0.5195593760667352,
0.41175001540727857,
0.5584170063870133,
0.3780818329396592,
0.8440014815823753,
0.5519055025950506,
0.4995034766124671,
0.6116338599429016,
0.5404282707356889,
0.5991676584591096,
0.4310244158196389,
0.40675018279650677,
0.6365640137395172,
0.15398720814877964,
0.42279304602712403,
0.24555872354774222,
0.38087710223080606,
0.4228973192301121,
0.21355872930481906,
0.5516779093117352,
0.6625776614377783,
0.7587426851546969,
0.4397870045195816,
0.8004168577605796,
0.5451010641540942,
0.6597112481527958,
0.4969422937006425,
0.7883371584306222,
0.040111521713855236,
0.5592539372242672,
0.2349259586554453,
0.9062661909922325,
0.41682634385304673,
0.12278379881213836,
0.4656763652503788,
0.722408584210113,
0.5849117785047655,
0.34122378267763886,
0.618387120992823,
0.5002784070746599,
0.5898281954994148,
0.39654865746446466,
0.7833691854076001,
0.540242824610953,
0.7765000133935718,
0.3225991517662048,
0.44287965219104486,
0.4617589472458826,
0.6354019116503796,
0.5521232519684329,
0.5447136832145785,
0.6621763990513967,
0.39710913238598405,
0.6509434698960046,
0.15109577734362623,
0.3862661681257337,
0.41585478655697816,
0.8021459800537212,
0.5749775172225418,
0.7732537352471802,
0.4188899142251444,
0.5305619945076185,
0.5012844688894912,
0.8538836362317321,
0.7321254243468254,
0.47052910047452357,
0.24414729277798702,
0.39573343583576354,
0.6260493086075947,
0.6624752418282507,
0.6250809365918545,
0.44467250091168703,
0.13506312443885954,
0.5422651983825885,
0.6511931859941587,
0.49811277953648164,
0.6016632106421747,
0.6042881043162529,
0.5802127784622082,
0.9113599087914896,
0.4938676865949489,
0.6629552311705323,
0.8123549089415614,
0.3109586833741652,
0.271963164298462,
0.7163783757824655,
0.8582664446876529,
0.23845392068553506,
0.6064185375235583,
0.4983630180848524,
0.5406762904797067,
