0.38714524025895014,
0.5669859803770478,
0.32690613666199053,
0.5782238577116101,
0.5252314117515254,
0.567679722392217,
0.459197878310563,
0.5140336494156746,
0.689952206692972,
0.5195593760667352,
0.41175001540727857,
0.5584170063870133,
0.3780818329396592,
0.8440014815823753,
0.5519055025950506,
0.4995034766124671,
0.6116338599429016,
0.5404282707356889,
0.5991676584591096,
0.4310244158196389,
0.40675018279650677,
0.6365640137395172,
0.15398720814877964,
0.42279304602712403,
0.24555872354774222,
0.38087710223080606,
0.4228973192301121,
0.21355872930481906,
0.5516779093117352,
0.6625776614377783,
0.7587426851546969,
0.4397870045195816,
0.8004168577605796,
0.5451010641540942,
0.6597112481527958,
0.4969422937006425,
0.7883371584306222,
0.040111521713855236,
0.5592539372242672,
0.2349259586554453,
