1,0.693453546906392,
2,0.9988137451703506,
3,0.5043998489798824,
4,0.8706871867398751,
5,0.8858468112408824,
6,0.0851528453537892,
7,0.6950733620647035,
8,0.8991503280403632,
9,0.816076881630767,
10,0.9475530973947458,
11,0.9525419708981674,
12,0.8084219890563619,
13,0.798756071433722,
14,0.8846404342405438,
15,0.8753523415458181,
16,0.9870788650243607,
17,0.8559742977045212,
18,0.507788631215635,
19,0.9015321673509699,
20,0.49798620527440185,
21,0.859551956367924,
22,0.8986420758360498,
23,0.9188677388835699,
24,0.1873462144684297,
25,0.5993270569846691,
26,0.8736630651917122,
27,0.7545313017851636,
28,0.712640718845582,
29,0.8989036915671489,
30,0.9670908177840332,
31,0.9725782671681752,
32,0.6637145381409882,
33,0.9986334274133354,
34,0.8508583446938607,
35,0.22495771743226634,
36,0.9018700024896802,
37,0.536445462988927,
38,0.7341335992280951,
39,0.7340948250092899,
40,0.7372274501387268,
41,0.9044880374887883,
42,0.7054939568798445,
43,0.9032087314256428,
44,0.9817365676889045,
45,0.8511481697643938,
46,0.9883127626405435,
47,0.510097295413974,
48,0.5440081653528854,
49,0.4546447391103242,
50,0.6125232179848489,
51,0.7444306230754361,
52,0.784170471037318,
53,0.3954995780680979,
54,0.6437251543884781,
55,0.33854593892107177,
56,0.4727933074560465,
57,0.8385148196390417,
58,0.7271987794485196,
59,0.9505293153701876,
60,0.9959988249393275,
61,0.6115183549509866,
62,0.9295088812371225,
63,0.7355017920938823,
64,0.7968666584975407,
65,0.6265772070560041,
66,0.8746859839962281,
67,0.9018454812870755,
68,0.5768485961211829,
69,0.7717417787868145,
70,0.5697906452738789,
71,0.9139200756272601,
72,0.9711803613391341,
73,0.8926579181561114,
74,0.8126717112428944,
75,0.3998281136324392,
76,0.6829786947873269,
77,0.6535372263080109,
78,0.987631163965619,
79,0.8319503223962242,
80,0.8595429304096357,
81,0.6872562229932795,
82,0.8626831580869285,
83,0.5854013406115808,
84,0.983942731661177,
85,0.3156007405215221,
86,0.8147987966599468,
87,0.32835500924830363,
88,0.9508106911841401,
89,0.7193092610588474,
90,0.8242855446407875,
91,0.7216582679049688,
92,0.7734735423675402,
93,0.883399978250012,
94,0.593871263082616,
95,0.8169032991774422,
96,0.958493859813117,
97,0.8271999670887175,
98,0.6263147844348116,
99,0.6519166867704042,
100,0.18053854382188617


