0.693453546906392,
0.9988137451703506,
0.5043998489798824,
0.8706871867398751,
0.8858468112408824,
0.0851528453537892,
0.6950733620647035,
0.8991503280403632,
0.816076881630767,
0.9475530973947458,
0.9525419708981674,
0.8084219890563619,
0.798756071433722,
0.8846404342405438,
0.8753523415458181,
0.9870788650243607,
0.8559742977045212,
0.507788631215635,
0.9015321673509699,
0.49798620527440185,
0.859551956367924,
0.8986420758360498,
0.9188677388835699,
0.1873462144684297,
0.5993270569846691,
0.8736630651917122,
0.7545313017851636,
0.712640718845582,
0.8989036915671489,
0.9670908177840332,
0.9725782671681752,
0.6637145381409882,
0.9986334274133354,
0.8508583446938607,
0.22495771743226634,
0.9018700024896802,
0.536445462988927,
0.7341335992280951,
0.7340948250092899,
0.7372274501387268,
0.9044880374887883,
0.7054939568798445,
0.9032087314256428,
0.9817365676889045,
0.8511481697643938,
0.9883127626405435,
0.510097295413974,
0.5440081653528854,
0.4546447391103242,
0.6125232179848489,
0.7444306230754361,
0.784170471037318,
0.3954995780680979,
0.6437251543884781,
0.33854593892107177,
0.4727933074560465,
0.8385148196390417,
0.7271987794485196,
0.9505293153701876,
0.9959988249393275,
0.6115183549509866,
0.9295088812371225,
0.7355017920938823,
0.7968666584975407,
0.6265772070560041,
0.8746859839962281,
0.9018454812870755,
0.5768485961211829,
0.7717417787868145,
0.5697906452738789,
0.9139200756272601,
0.9711803613391341,
0.8926579181561114,
0.8126717112428944,
0.3998281136324392,
0.6829786947873269,
0.6535372263080109,
0.987631163965619,
0.8319503223962242,
0.8595429304096357,
0.6872562229932795,
0.8626831580869285,
0.5854013406115808,
0.983942731661177,
0.3156007405215221,
0.8147987966599468,
0.32835500924830363,
0.9508106911841401,
0.7193092610588474,
0.8242855446407875,
0.7216582679049688,
0.7734735423675402,
0.883399978250012,
0.593871263082616,
0.8169032991774422,
0.958493859813117,
0.8271999670887175,
0.6263147844348116,
0.6519166867704042,
0.18053854382188617


