1,0.693453546906392,
2,0.9988137451703506,
3,0.5043998489798824,
4,0.8706871867398751,
5,0.8858468112408824,
6,0.0851528453537892,
7,0.6950733620647035,
8,0.8991503280403632,
9,0.816076881630767,
10,0.9475530973947458,
11,0.9525419708981674,
12,0.8084219890563619,
13,0.798756071433722,
14,0.8846404342405438,
15,0.8753523415458181,
16,0.9870788650243607,
17,0.8559742977045212,
18,0.507788631215635,
19,0.9015321673509699,
20,0.49798620527440185,
21,0.859551956367924,
22,0.8986420758360498,
23,0.9188677388835699,
24,0.1873462144684297,
25,0.5993270569846691,
26,0.8736630651917122,
27,0.7545313017851636,
28,0.712640718845582,
29,0.8989036915671489,
30,0.9670908177840332,
31,0.9725782671681752,
32,0.6637145381409882,
33,0.9986334274133354,
34,0.8508583446938607,
35,0.22495771743226634,
36,0.9018700024896802,
37,0.536445462988927,
38,0.7341335992280951,
39,0.7340948250092899,
40,0.7372274501387268
