0.693453546906392,
0.9988137451703506,
0.5043998489798824,
0.8706871867398751,
0.8858468112408824,
0.0851528453537892,
0.6950733620647035,
0.8991503280403632,
0.816076881630767,
0.9475530973947458,
0.9525419708981674,
0.8084219890563619,
0.798756071433722,
0.8846404342405438,
0.8753523415458181,
0.9870788650243607,
0.8559742977045212,
0.507788631215635,
0.9015321673509699,
0.49798620527440185,
0.859551956367924,
0.8986420758360498,
0.9188677388835699,
0.1873462144684297,
0.5993270569846691,
0.8736630651917122,
0.7545313017851636,
0.712640718845582,
0.8989036915671489,
0.9670908177840332,
0.9725782671681752,
0.6637145381409882,
0.9986334274133354,
0.8508583446938607,
0.22495771743226634,
0.9018700024896802,
0.536445462988927,
0.7341335992280951,
0.7340948250092899,
0.7372274501387268
