0.8088505183493919,
0.6638150064876385,
0.8441331819438174,
1.0,
1.0,
0.6966635091431551,
0.6888863741759307,
0.6845052643063031,
0.7518861841717905,
0.5930156267417893,
0.6571878663653332,
0.45293338957420104,
0.79405739560933,
0.6143341817805357,
0.5790189216361279,
0.7122972997663208,
0.9125804777308102,
0.4954030140342076,
0.43242616708649334,
0.6499055863308255,
0.6591404609903626,
0.8099876205179041,
0.6213853679614606,
0.6363346468185597,
0.9484329299081983,
0.5957178965066217,
0.9048624512040826,
0.6698783093579062,
0.4864460216351258,
0.6977625412177817,
1.0,
0.48622029703695124,
0.713318875344359,
0.8367058873370954,
0.9776244123438312,
0.7959255991397011,
1.0,
0.6026751005382391,
0.6820203731358621,
0.6886085410459845,
0.403894858421566,
0.6286094500929307,
0.688678206147201,
0.8239566230595972,
0.7454016249654645,
0.7439806578126604,
0.5035770471185405,
0.4220017678624839,
0.5539374532647663,
0.9814374632765934,
1.0,
0.6715010437232476,
0.6955297760640349,
0.7011738302475596,
0.6793448756587815,
0.8424796143101716,
0.7944133765765571,
0.3252230520248789,
0.865644883555432,
1.0,
