0.7060368751215162,
0.20985794886990644,
1.0,
0.8718847416212998,
1.0,
0.4811248068869459,
0.8744319993246852,
0.7263935574151829,
1.0,
0.5663667868670713,
0.4286697765158948,
0.8152749548511566,
0.4790770409056455,
0.769587988291895,
1.0,
0.6663705985240437,
0.21998215715128028,
0.6267336031606592,
0.707312708090259,
0.7883405568403742,
0.7146559044099284,
0.7374787663207945,
0.9742707298066673,
0.8789901744246494,
0.41921839016960244,
0.8131836782396793,
0.7065403298219319,
0.6794857260617639,
0.6835666443290297,
0.7675206946287021,
0.7845997070330382,
0.9247170375344186,
0.8412395005661754,
0.7205212421611812,
0.7358319059330986,
0.29454990871605213,
0.8487276145176832,
0.7030969582841322,
0.574414970704208,
0.5415226234719827,
