0.7060368751215162,
0.20985794886990644,
1.0,
0.8718847416212998,
1.0,
0.4811248068869459,
0.8744319993246852,
0.7263935574151829,
1.0,
0.5663667868670713,
0.4286697765158948,
0.8152749548511566,
0.4790770409056455,
0.769587988291895,
1.0,
0.6663705985240437,
0.21998215715128028,
0.6267336031606592,
0.707312708090259,
0.7883405568403742,
0.7146559044099284,
0.7374787663207945,
0.9742707298066673,
0.8789901744246494,
0.41921839016960244,
0.8131836782396793,
0.7065403298219319,
0.6794857260617639,
0.6835666443290297,
0.7675206946287021,
0.7845997070330382,
0.9247170375344186,
0.8412395005661754,
0.7205212421611812,
0.7358319059330986,
0.29454990871605213,
0.8487276145176832,
0.7030969582841322,
0.574414970704208,
0.5415226234719827,
1.0,
0.9537842887931334,
1.0,
0.8317018888865696,
0.6367087203402583,
0.4552425210438247,
0.6610780201210816,
0.5404865151395575,
0.8715560524697866,
0.5255953104035944,
0.4460806248764769,
0.5150159523081808,
0.5571812622189108,
0.586189831302141,
0.6678755213842993,
0.7653602369539794,
0.5451798108730599,
0.6566096653375723,
0.6596317523244458,
1.0,
0.5700159702270209,
0.7060775814911002,
0.7194090854527263,
0.36256697991749265,
0.8499939182510058,
0.5463343205140125,
0.2914917596092467,
0.9040219729796521,
0.46713291254541256,
0.9390862519196478,
0.44693006204937336,
0.5648717045216582,
0.7838034344871725,
0.7102185313322306,
0.6161005092118947,
0.5497458818938653,
0.7369758216120008,
0.6914537049314606,
0.41879329812542887,
1.0,
