0.373012262954673,
0.41681922566900814,
0.6882041858598651,
0.5714732154785161,
0.0,
0.11655289865718421,
0.1834349253931497,
0.49704703027104047,
0.30904728423555583,
0.6184774685106895,
0.409596796125001,
0.45917483736542364,
0.6524189529266659,
0.5381573857153636,
0.46727520083361035,
0.12770167994620388,
0.41334777994175426,
0.3968405297037465,
0.14657082009893896,
0.6924773527184198,
0.5086423979293281,
0.6236348014608506,
0.1942309534319379,
0.30257419543443004,
0.15220005256557176,
0.2257950736997091,
0.4252450774302875,
0.29814682554752053,
0.277653781002941,
0.45060573213404204,
0.0,
0.6516893894236242,
0.1786762750320403,
0.4187935315273796,
0.34818431919352044,
0.3480146957174152,
0.16119785052263522,
0.33227121485712685,
0.42810124396975124,
0.24886947293842715,
0.4176078268168441,
0.33997809825792363,
0.4031539970287294,
0.5236713486519912,
0.5504536124395938,
0.339226372276647,
0.4496609944418122,
0.2389302841129241,
0.0,
0.4056953315015187,
0.0,
0.4903412983867968,
0.41602906623281977,
0.3208724728981602,
0.6267129083777548,
0.4757641629176817,
0.4528720451689363,
0.12581697914429182,
0.45820436339710413,
0.2593900244140733,
0.060017713302867676,
0.5291630443013877,
0.26872060014059507,
0.4913086817478287,
0.17147716232844132,
0.21382241414225145,
0.251789622435237,
0.20598312405787933,
0.30206095389383086,
0.4635880222051918,
0.2747105303687196,
0.08478094487235507,
0.0,
0.552512890813757,
0.14903100664416277,
0.4188937347278753,
0.44637870593457163,
0.11868519025114704,
0.15417158942452086,
0.5377014788723424,
0.21742470823826554,
0.3225680263890703,
0.0,
0.05843899735778629,
0.29971851777828473,
0.5297323977409549,
0.2956880301476891,
0.13453387137828157,
0.5787559789411565,
0.4501814331376007,
0.24551069162847078,
0.4003452086252896,
0.37139458974572154,
0.20835589755756462,
0.09918836192810801,
0.6053744960166945,
0.2343997210090508,
0.6603649892981109,
0.14945140244910302,
0.028096180529956216,
