0.373012262954673,
0.41681922566900814,
0.6882041858598651,
0.5714732154785161,
0.0,
0.11655289865718421,
0.1834349253931497,
0.49704703027104047,
0.30904728423555583,
0.6184774685106895,
0.409596796125001,
0.45917483736542364,
0.6524189529266659,
0.5381573857153636,
0.46727520083361035,
0.12770167994620388,
0.41334777994175426,
0.3968405297037465,
0.14657082009893896,
0.6924773527184198,
0.5086423979293281,
0.6236348014608506,
0.1942309534319379,
0.30257419543443004,
0.15220005256557176,
0.2257950736997091,
0.4252450774302875,
0.29814682554752053,
0.277653781002941,
0.45060573213404204,
0.0,
0.6516893894236242,
0.1786762750320403,
0.4187935315273796,
0.34818431919352044,
0.3480146957174152,
0.16119785052263522,
0.33227121485712685,
0.42810124396975124,
0.24886947293842715,
