0.5959834720415376,
0.7181091516623005,
0.6057806281579465,
0.8569293573453138,
0.6120232833014707,
0.6479277940564827,
0.615348935152556,
0.5873265231220755,
0.8326979843160331,
0.7240428493821284,
0.4949124958139659,
0.883247258865788,
0.3960607457940317,
0.6442647182710793,
0.7186831859484459,
1.0,
0.8314988668839405,
0.744178154198397,
0.5579726850437475,
0.626816897813798,
1.0,
1.0,
0.9992645401757514,
0.7969188236516149,
1.0,
0.6388052887466075,
0.7444442946623785,
0.8991159394348498,
0.8428234802365197,
0.2936583934981193,
0.5147808470070544,
0.6580955467514408,
1.0,
0.9453018291800492,
0.23017791880286032,
0.4053810606434998,
1.0,
0.8377824124613392,
0.6563356822697951,
0.6356202014169947,
0.7819058661244009,
1.0,
0.35426422020451726,
0.7628891454802535,
0.7173751389040985,
1.0,
1.0,
0.7220467190391185,
0.5168438874686818,
0.7095332010486527,
0.7468710913738402,
0.8799191150957469,
0.8767985426492378,
0.775038590881811,
0.5078396641545873,
0.49902189010354564,
0.18006888249665165,
0.5688402135777257,
1.0,
0.5135712520326817,
0.6520964068850235,
0.9466291073640305,
0.6574319523463003,
1.0,
0.6763294282569808,
0.688400520181756,
0.7326183738026733,
0.9656784794598292,
0.6056271447898156,
0.6730636142357723,
0.3203640656078117,
0.14091054724856178,
0.5425070718974205,
0.46848441827561393,
0.6435686171550321,
0.6681116726322668,
0.7993582436109148,
0.45562024750082786,
0.5055014814103181,
0.897863174375732,
0.5431603563343693,
0.5740187188508746,
0.8529870033729627,
0.7347414692657963,
0.8444668986066064,
1.0,
0.46792999448570793,
0.7747765119358516,
0.6177336606400491,
0.875789682308419,
0.8404810752417099,
1.0,
0.7606336467034074,
0.24331112483029316,
0.9575663772790239,
0.7124542400024716,
0.546568848737223,
0.6837589557084527,
0.40771127581276945,
0.34069798315744704,
