0.5959834720415376,
0.7181091516623005,
0.6057806281579465,
0.8569293573453138,
0.6120232833014707,
0.6479277940564827,
0.615348935152556,
0.5873265231220755,
0.8326979843160331,
0.7240428493821284,
0.4949124958139659,
0.883247258865788,
0.3960607457940317,
0.6442647182710793,
0.7186831859484459,
1.0,
0.8314988668839405,
0.744178154198397,
0.5579726850437475,
0.626816897813798,
1.0,
1.0,
0.9992645401757514,
0.7969188236516149,
1.0,
0.6388052887466075,
0.7444442946623785,
0.8991159394348498,
0.8428234802365197,
0.2936583934981193,
0.5147808470070544,
0.6580955467514408,
1.0,
0.9453018291800492,
0.23017791880286032,
0.4053810606434998,
1.0,
0.8377824124613392,
0.6563356822697951,
0.6356202014169947,
