1,0.3674705442405699,
2,0.9904846401165014,
3,0.49703764462373407,
4,0.5364981841437473,
5,0.9015565209299187,
6,0.5813858820427031,
7,0.8127210646778521,
8,0.6157629830016855,
9,0.6004389147402653,
10,0.8080182431612732,
11,0.6806714870818887,
12,0.6281682755226059,
13,0.5893183708360026,
14,0.6885644155264057,
15,0.9888361108665773,
16,0.6681711273546126,
17,0.7101797073758453,
18,0.9841909738804128,
19,0.7942911308545187,
20,0.6487674660191197,
21,0.8745551669418538,
22,0.5693094322507997,
23,0.8570120982194274,
24,0.7078369604177444,
25,0.6468761909145955,
26,0.9440207423112028,
27,0.664734206383346,
28,0.9247648026223575,
29,0.6426750711911586,
30,0.831601736995747,
31,0.895503204404614,
32,0.8769351285321333,
33,0.8502161999532696,
34,0.7239351173737708,
35,0.9712190014050144,
36,0.9923301965874683,
37,0.8647684189539465,
38,0.9522303021426003,
39,0.7856240691017474,
40,0.7224766300172648
