0.3674705442405699,
0.9904846401165014,
0.49703764462373407,
0.5364981841437473,
0.9015565209299187,
0.5813858820427031,
0.8127210646778521,
0.6157629830016855,
0.6004389147402653,
0.8080182431612732,
0.6806714870818887,
0.6281682755226059,
0.5893183708360026,
0.6885644155264057,
0.9888361108665773,
0.6681711273546126,
0.7101797073758453,
0.9841909738804128,
0.7942911308545187,
0.6487674660191197,
0.8745551669418538,
0.5693094322507997,
0.8570120982194274,
0.7078369604177444,
0.6468761909145955,
0.9440207423112028,
0.664734206383346,
0.9247648026223575,
0.6426750711911586,
0.831601736995747,
0.895503204404614,
0.8769351285321333,
0.8502161999532696,
0.7239351173737708,
0.9712190014050144,
0.9923301965874683,
0.8647684189539465,
0.9522303021426003,
0.7856240691017474,
0.7224766300172648
