0.2055268785055152,
0.22487908544953716,
0.25947968573558766,
0.33631609885994124,
0.24121784044914987,
0.349169318464806,
0.286094950956574,
0.2535767351127337,
0.13313001383539375,
0.2828991822954797,
0.5581278251669402,
0.1951450932398529,
0.28861723481970697,
0.2233618919518232,
0.3569512634215489,
0.19639383393053392,
0.2800900696331876,
0.06995242817147002,
0.07200330503999194,
0.33152272369103547,
0.4198062827236107,
0.32710510396117054,
0.1914142166961672,
0.44758109072416663,
0.2323703223555535,
0.38170247781478317,
0.2637899428145509,
0.03682173321780824,
0.11073072873980036,
0.06896201753135928,
0.5278216817376474,
0.0,
0.5104733102131733,
0.35774803160525825,
0.2977809058826516,
0.038271304783728866,
0.472177234239526,
0.3642803927022648,
0.6203490453331757,
0.3166117239684136,
0.11862883329742835,
0.3729282386133209,
0.2994173670079671,
0.07317002185425817,
0.34042884387581446,
0.41485469388782636,
0.40587715834610955,
0.10246703146828487,
0.4230131517690568,
0.34152754548312947,
0.0,
0.4091465042241868,
0.3521203581086393,
0.4024587880671446,
0.10703024895072938,
0.2854606174396503,
0.33200164392858533,
0.010238969484773985,
0.17814713175825572,
0.24108073622987694,
