0.4984754179986308,
0.4900749175710903,
0.7143815404942049,
0.6475097211013159,
0.5363994502335961,
0.3768844514645219,
0.1326650192908882,
0.26045940550298874,
0.5146911740527084,
0.7083058848452796,
0.16518763575953477,
0.36408901960512563,
0.3642218859138889,
0.4569290404809399,
0.4656199595999322,
0.6226029085792429,
0.19591136666667885,
0.45017175244759106,
1.0,
0.6808844154800342,
0.28335002281296273,
0.41016681141257905,
0.8308319170203131,
0.8003618769838396,
0.5144168631140627,
0.4515455703893983,
0.4994272404084205,
0.4967165036912445,
0.4552656021140209,
0.46976763116780945,
0.27076222386318094,
0.8710240136722673,
0.5340559935001015,
0.5835698512435352,
0.14296593639686517,
0.3968360400233885,
0.5771207583526453,
0.23099729127759516,
0.5934896026370289,
0.51189496657514,
