0.26266671417055854,
0.2958998481138667,
0.029847230741647746,
0.4766181386164391,
0.44163111696299934,
0.3438059377539473,
0.22020455162445124,
0.1373523131472957,
0.21492175546402387,
0.4707770863750191,
0.7751919370198067,
0.2171139818934529,
0.3969540974235753,
0.417100844065901,
0.17375217032205,
0.3687614554157939,
0.19933411063181378,
0.35774422888507107,
0.1708412043196069,
0.05426114976563928,
0.3652072346767724,
0.2626001844723688,
0.32435775126010685,
0.18903748160258105,
0.1313449145521577,
0.2690002681568923,
0.3179917126225383,
0.3281855983535428,
0.2048898183996496,
0.753485858375899,
0.270715106237395,
0.600978578909771,
0.3541512441662979,
0.47597531356356826,
0.2541563880508524,
0.014837889893984713,
0.4435407022489174,
0.5385474758024584,
0.42998283614708854,
0.0,
0.44055663989321847,
0.19259082748556047,
0.3133593285645524,
0.5514363654946002,
0.32901168934043046,
0.18148325202487176,
0.4557931696390976,
0.5008038323588911,
0.10048060476139237,
0.4597550545555388,
0.0,
0.049514221493785315,
0.5944691837668067,
0.24606877324152976,
0.3990979371214648,
0.26887102880461256,
0.42073926638926074,
0.033020393865452635,
0.2942913288626549,
0.35067538620621436,
0.45270026334601765,
0.1139453304113052,
0.5498048283060271,
0.24279720366502655,
0.20284888528306755,
0.4168967399935639,
0.4018340033437705,
0.2567402669060648,
0.2892412475235259,
0.1816885548086838,
0.45715839672896175,
0.29454056448908494,
0.3762444918579787,
0.0,
0.0,
0.23096840454488882,
0.030140762554220935,
0.38931711399516017,
0.007631753294777166,
0.4107656850530484,
