0.9075855855173334,
0.8388061743052753,
0.7913260748857878,
0.8865064706505978,
0.4932201791031856,
0.9054996610317543,
0.7191811456998854,
0.8486943460176802,
0.6463291343181221,
0.7606615506930906,
0.8112132576238069,
0.9585685733164183,
0.18029902351291716,
0.7377234558414592,
0.9227957466895802,
0.6935765138578388,
0.666354625370316,
0.6599462729463358,
0.6820901825063754,
0.13583879139447663,
0.7400500236645928,
0.7021807417846552,
0.958274763296735,
0.6664385393196413,
0.7435683685714931,
0.6661022681574436,
0.701689897915007,
0.9123437139393331,
0.6637430167815707,
0.85132018119909,
0.7243323477379859,
0.22579555234866822,
0.9342863008042941,
0.7958896616293525,
0.9946341793075877,
0.6701290219257903,
0.9742704634316108,
0.911692335597436,
0.2233205198977527,
0.9910316367639938,
0.8297009963503744,
0.7129806058062426,
0.6804207947785585,
0.7860385214800507,
0.2699422851310639,
0.9200661097153597,
0.5021855215741016,
0.9832553594449961,
0.8492249995694316,
0.34730125497808506,
0.8259031538903823,
0.5159880519134422,
0.8346013875900893,
0.668974828105084,
0.8274573623513859,
0.9160856630337507,
0.8537210993146692,
0.6814201474145865,
0.8691471251870808,
0.5520642951523476,
0.9812299122890015,
0.2946039780909957,
0.5871450279708473,
0.7951929255629205,
0.930121989102443,
0.3206402158598868,
0.8622022087917989,
0.9528791216081456,
0.6864744766458338,
0.8344027878497335,
0.4824603356636951,
0.46119846196634295,
0.8966860209300992,
0.413328909842164,
0.5649580057350145,
0.7998158169343166,
0.7649004119677862,
0.711020540379818,
0.08745819121228948,
0.7717872315140663,
0.9906607719063913,
0.8089377355282744,
0.5289393390438173,
0.620170936074137,
0.8946998204714158,
0.7707285788055516,
0.9838668074617354,
0.9150934672900769,
0.8451600370549603,
0.8873148784567284,
0.8557548268940419,
0.7676368502904969,
0.22856085703601992,
0.7943156505770647,
0.7738025177248364,
0.6534214891216926,
0.8812158794388082,
0.7393543666613974,
0.9088268878447957,
0.7232521448816105,


