0.9075855855173334,
0.8388061743052753,
0.7913260748857878,
0.8865064706505978,
0.4932201791031856,
0.9054996610317543,
0.7191811456998854,
0.8486943460176802,
0.6463291343181221,
0.7606615506930906,
0.8112132576238069,
0.9585685733164183,
0.18029902351291716,
0.7377234558414592,
0.9227957466895802,
0.6935765138578388,
0.666354625370316,
0.6599462729463358,
0.6820901825063754,
0.13583879139447663,
0.7400500236645928,
0.7021807417846552,
0.958274763296735,
0.6664385393196413,
0.7435683685714931,
0.6661022681574436,
0.701689897915007,
0.9123437139393331,
0.6637430167815707,
0.85132018119909,
0.7243323477379859,
0.22579555234866822,
0.9342863008042941,
0.7958896616293525,
0.9946341793075877,
0.6701290219257903,
0.9742704634316108,
0.911692335597436,
0.2233205198977527,
0.9910316367639938
