1,0.9075855855173334,
2,0.8388061743052753,
3,0.7913260748857878,
4,0.8865064706505978,
5,0.4932201791031856,
6,0.9054996610317543,
7,0.7191811456998854,
8,0.8486943460176802,
9,0.6463291343181221,
10,0.7606615506930906,
11,0.8112132576238069,
12,0.9585685733164183,
13,0.18029902351291716,
14,0.7377234558414592,
15,0.9227957466895802,
16,0.6935765138578388,
17,0.666354625370316,
18,0.6599462729463358,
19,0.6820901825063754,
20,0.13583879139447663,
21,0.7400500236645928,
22,0.7021807417846552,
23,0.958274763296735,
24,0.6664385393196413,
25,0.7435683685714931,
26,0.6661022681574436,
27,0.701689897915007,
28,0.9123437139393331,
29,0.6637430167815707,
30,0.85132018119909,
31,0.7243323477379859,
32,0.22579555234866822,
33,0.9342863008042941,
34,0.7958896616293525,
35,0.9946341793075877,
36,0.6701290219257903,
37,0.9742704634316108,
38,0.911692335597436,
39,0.2233205198977527,
40,0.9910316367639938,
41,0.8297009963503744,
42,0.7129806058062426,
43,0.6804207947785585,
44,0.7860385214800507,
45,0.2699422851310639,
46,0.9200661097153597,
47,0.5021855215741016,
48,0.9832553594449961,
49,0.8492249995694316,
50,0.34730125497808506,
51,0.8259031538903823,
52,0.5159880519134422,
53,0.8346013875900893,
54,0.668974828105084,
55,0.8274573623513859,
56,0.9160856630337507,
57,0.8537210993146692,
58,0.6814201474145865,
59,0.8691471251870808,
60,0.5520642951523476
