0.5530798436641593,
0.5362291136300156,
0.9663520396879925,
0.172638586214518,
0.9402775297960113,
0.6226122137978151,
0.858387307190059,
0.7206168847037931,
0.8357034747273644,
0.4951170933893443,
0.8275184345749587,
0.6105369006957619,
0.562312419046594,
0.6667044446736364,
0.5189612353382205,
0.6216912648689213,
0.9539923574596814,
0.906304903979578,
0.7578503599630617,
0.6145629982663063,
0.7967096770400599,
0.8799486499677257,
0.47548857635528086,
0.9198362383314946,
0.41320660282095867,
0.9782261683723825,
1.0,
0.7995169673823487,
0.6895270563622985,
1.0,
1.0,
0.9786343443257368,
0.9699924882882458,
0.689582349520302,
0.4102991709442892,
0.5615603876325829,
0.7149740864070581,
0.7125953676418065,
1.0,
0.811257957870599,
0.5489481428788868,
0.6468492654321392,
0.6741116668493702,
0.6200003639418343,
0.8454816764517306,
0.9493680375183333,
0.5184799100718864,
0.4941930935784353,
0.7580472747390122,
0.7309906284784424,
0.8078280691564389,
0.49202881391050723,
0.9384330395993046,
0.284897095671162,
0.5981600940599765,
0.6517116352566212,
0.1993172288383852,
0.7880472427249486,
0.59468811462779,
0.9017844615193782,
1.0,
0.9426743496874901,
0.786548041947587,
0.9556857816864863,
0.5443191166640424,
0.8978183466131627,
0.957368955310181,
0.8982340068751713,
0.5322615544000641,
0.5796300010382298,
0.8089320107131286,
0.8065707427310713,
0.7433988941632522,
0.5631855187001161,
0.9323902486742819,
0.5691479983536076,
0.5737201928361877,
0.8540471780519906,
0.4226417587699768,
0.3945700879128026,
