0.2756190726656528,
0.25148355343824746,
0.44103006408141987,
0.6531813062114633,
0.05890380355837463,
0.30028549700032364,
0.0,
0.6551334349167053,
0.2377100601261978,
0.0,
0.19757578106067492,
0.19901246819190493,
0.5090875473431566,
0.12445129463353918,
0.460620487557058,
0.4203881863294806,
0.11388571447518175,
0.20832330624073297,
0.20288680085585134,
0.3283693827966009,
0.34326576636593,
0.14843912185658265,
0.06130659678882758,
0.4238328233491739,
0.6248629831224466,
0.290762447272149,
0.10246294942444506,
0.013188907031132457,
0.3302443513747309,
0.0,
0.2366420961155328,
0.3753199715579033,
0.5166203218037285,
0.18396973551659937,
0.026600855586118355,
0.34938930622511133,
0.2570670520116305,
0.4394552608073111,
0.12772377227522486,
0.3089802253354638,
