0.2756190726656528,
0.25148355343824746,
0.44103006408141987,
0.6531813062114633,
0.05890380355837463,
0.30028549700032364,
0.0,
0.6551334349167053,
0.2377100601261978,
0.0,
0.19757578106067492,
0.19901246819190493,
0.5090875473431566,
0.12445129463353918,
0.460620487557058,
0.4203881863294806,
0.11388571447518175,
0.20832330624073297,
0.20288680085585134,
0.3283693827966009,
0.34326576636593,
0.14843912185658265,
0.06130659678882758,
0.4238328233491739,
0.6248629831224466,
0.290762447272149,
0.10246294942444506,
0.013188907031132457,
0.3302443513747309,
0.0,
0.2366420961155328,
0.3753199715579033,
0.5166203218037285,
0.18396973551659937,
0.026600855586118355,
0.34938930622511133,
0.2570670520116305,
0.4394552608073111,
0.12772377227522486,
0.3089802253354638,
0.1928342573242469,
0.16748729333378606,
0.4426452616799418,
0.4796595322578048,
0.32779669040642984,
0.35501137394906623,
0.0,
0.2882524289233761,
0.07807730641592595,
0.2941444496397423,
0.6653548721448423,
0.16204964296921653,
0.16137646006336012,
0.5216653312890553,
0.19317608753569582,
0.1802685444630081,
0.07933396929090686,
0.6007366274412851,
0.4253922036312586,
0.5553753762556202,
0.0,
0.09675080869377625,
0.45471264691191465,
0.21739965512317438,
0.08113805639253557,
0.24707543749551347,
0.631436545174807,
0.20288042656347466,
0.4157139930040542,
0.4949804949049406,
0.42854732311140703,
0.09801795890653142,
0.2019169943218323,
0.07899902214947546,
0.34796441220409546,
0.6085111173684259,
0.6287512669748274,
0.11242547501534708,
0.19022043601859542,
0.6068082453533608,
