0.8815505370651092,
0.6503147795751268,
0.6629505149839552,
0.50109363330601,
0.8572253282731435,
0.5678878392969925,
0.37027650257190925,
0.2103253300531293,
0.5263824544551186,
0.7550994566299097,
0.897606627138746,
0.6044517538165166,
0.8037061948677626,
0.6278007830510135,
0.5966632970270086,
0.8668835954335963,
0.7892410709646575,
0.3679318852220279,
0.5980324834993513,
0.5622502498836761,
0.7710035064153311,
0.6874064797133594,
0.5634391054361169,
0.7540080527244444,
0.46082075588305677,
0.47241203843653223,
0.5623551139775439,
0.7199509334695687,
0.5353540134747462,
0.5824898308120268,
0.7677513800197456,
0.34795854536624937,
1.0,
0.5776917131670105,
0.441060095899724,
0.7047140061224949,
0.9348289790386646,
0.5098898007368062,
0.7452983361868744,
0.7280717508344516,
0.5371601148172329,
0.8509097722718039,
0.593528653619235,
0.7228087585019084,
0.5247812810039658,
0.7978528174021435,
0.4225468700457498,
0.8132688269183955,
0.8479452170492994,
0.1227468869326197,
0.2639492995705066,
0.6539974506019046,
0.9452469778355324,
0.5745999002129523,
1.0,
0.5362801273426131,
0.46174099314894357,
0.37602068207458167,
0.9708738066063147,
0.4605516756880152,
0.580735105791735,
0.3539817851483138,
0.47952669545592896,
0.4595828882497701,
0.44541056985416516,
1.0,
0.3680803550819917,
0.755246810684151,
0.6947802478496138,
0.8048355766874752,
0.5223125704847198,
1.0,
0.9241421368001034,
0.6936652627808136,
0.39669671132693196,
0.7869114379185235,
0.6920640063313832,
0.9405888724244571,
0.8285412223101972,
0.6220970758108373,
0.5604953025184559,
0.7600969866777773,
0.6253644448549756,
0.5119364392676036,
1.0,
0.7339868206034903,
0.465773251431456,
0.7127112573219097,
0.5770348973777281,
0.8485444450269843,
0.4146649165735124,
1.0,
0.6044183392112614,
0.7948098642325558,
0.8286252394259029,
0.6032674764176145,
0.8139932704903182,
0.6532841161120293,
0.8239176025574324,
0.5706370597845201,
