0.7660183735635588,
0.2574308641696237,
0.5220629305400236,
0.5637087650461577,
0.44756153719797553,
0.3830256147252238,
0.40514599947261865,
0.0,
0.49641266584856697,
0.5250936743716416,
0.031051146412357122,
0.3238005771364447,
0.4521825693638796,
0.04566780863793973,
0.4396190602783659,
0.41670482142116333,
0.20785710728930368,
0.5707488070311627,
0.09993136782255954,
0.304319719780963,
0.6217732992834348,
0.27120455928411014,
0.3297730790573417,
0.009609754266771742,
0.4684774379502926,
0.38400531754868356,
0.39338317352794244,
0.0,
0.4351745461860371,
0.3677639164405069,
0.014625934895965198,
0.26327907272938544,
0.3316261225916605,
0.4291219796049983,
0.4648328447390505,
0.5161190458540004,
0.4012164950187728,
0.2454352758681517,
0.12461146584335792,
0.09404177706147962,
