0.7660183735635588,
0.2574308641696237,
0.5220629305400236,
0.5637087650461577,
0.44756153719797553,
0.3830256147252238,
0.40514599947261865,
0.0,
0.49641266584856697,
0.5250936743716416,
0.031051146412357122,
0.3238005771364447,
0.4521825693638796,
0.04566780863793973,
0.4396190602783659,
0.41670482142116333,
0.20785710728930368,
0.5707488070311627,
0.09993136782255954,
0.304319719780963,
0.6217732992834348,
0.27120455928411014,
0.3297730790573417,
0.009609754266771742,
0.4684774379502926,
0.38400531754868356,
0.39338317352794244,
0.0,
0.4351745461860371,
0.3677639164405069,
0.014625934895965198,
0.26327907272938544,
0.3316261225916605,
0.4291219796049983,
0.4648328447390505,
0.5161190458540004,
0.4012164950187728,
0.2454352758681517,
0.12461146584335792,
0.09404177706147962,
0.20843908092608282,
0.2953875028817673,
0.38217779107564137,
0.76602887454345,
0.1355201773524567,
0.4718523471448526,
0.18071630738318428,
0.3287414237044918,
0.0,
0.2245135066342535,
0.179881468415665,
0.35635749536935524,
0.0,
0.16029281645827792,
0.05644652649447088,
0.5560103043921293,
0.10263861262487722,
0.38650047108336527,
0.37729120428921226,
0.4495758277261615,
