0.3659400078824726,
0.33309722500946637,
0.7169359742956045,
0.28566311298756125,
0.10676297012442698,
0.7863441981572081,
0.08298789562704034,
0.294823172195447,
0.4651476310148985,
0.07605284662391404,
0.29802842906825566,
0.0,
0.5378319083318435,
0.2922606215007273,
0.4814787506442232,
0.5082737531899506,
0.30629811511805527,
0.41864711159465673,
0.5925002559171857,
0.34361936405733323,
0.06570042421578368,
0.10081911043640907,
0.5969844256285338,
0.3829392155249634,
0.0,
0.28775637369768775,
0.13465473218296115,
0.5939208503530143,
0.5353030134052985,
0.3077717396307983,
0.37314112539856975,
0.0,
0.20991270433630616,
0.35694627028495274,
0.4590621740210449,
0.2552066806910372,
0.1734574233733514,
0.2515279445466238,
0.0,
0.09312371649009327,
0.3003166445414058,
0.0,
0.35817115695935803,
0.17643280476302498,
0.1972833463408489,
0.48209729140010893,
0.5633294415275626,
0.26477962127016424,
0.4622385871658913,
0.1518941827203158,
0.4318133965983303,
0.4064378032407414,
0.21245570295294147,
0.4392310503819279,
0.24248299257124145,
0.08263777809969286,
0.767651774678726,
0.284698112786413,
0.13304247008225098,
0.07630793505807404,
0.40484884031003116,
0.8003549049220184,
0.21665484521037764,
0.7088974959935002,
0.5732843813164612,
0.11336068020750689,
0.5650930212984893,
0.504604551867393,
0.0,
0.3921022286313039,
0.44101324699008915,
0.15806352425240813,
0.6399017018942926,
0.024408556109770274,
0.5036558527528163,
0.19255632964474823,
0.4441481326548271,
0.0,
0.30216755735301476,
0.032038317062296484,
