0.37231635272685637,
0.6173852264710484,
0.08280044328500125,
0.45466437746837024,
0.5488460058431899,
0.459648603420629,
0.4750016608302445,
0.3568091506187618,
0.5998654573220231,
0.6000345008205097,
0.19748836708143752,
0.4890918782194814,
0.3888321444010789,
0.1563129155809715,
0.46241119388258806,
0.8960026148403195,
0.4905479726135256,
1.0,
0.4472669741423998,
0.33037769367646397,
0.35302998889024373,
0.5314898219573689,
0.44531030775271085,
0.7235615828445799,
0.6787654414424535,
0.4476801384881588,
0.456774985389523,
0.2514090526033651,
0.36648723807200156,
0.7672921706486762,
0.6463395327252883,
0.34093721310769504,
0.40206469189774285,
0.525170355271608,
0.6965636867447211,
0.3533970719795718,
0.3102686463883807,
0.4847748103459425,
0.6469151146475008,
0.5962511215169922,
