0.37231635272685637,
0.6173852264710484,
0.08280044328500125,
0.45466437746837024,
0.5488460058431899,
0.459648603420629,
0.4750016608302445,
0.3568091506187618,
0.5998654573220231,
0.6000345008205097,
0.19748836708143752,
0.4890918782194814,
0.3888321444010789,
0.1563129155809715,
0.46241119388258806,
0.8960026148403195,
0.4905479726135256,
1.0,
0.4472669741423998,
0.33037769367646397,
0.35302998889024373,
0.5314898219573689,
0.44531030775271085,
0.7235615828445799,
0.6787654414424535,
0.4476801384881588,
0.456774985389523,
0.2514090526033651,
0.36648723807200156,
0.7672921706486762,
0.6463395327252883,
0.34093721310769504,
0.40206469189774285,
0.525170355271608,
0.6965636867447211,
0.3533970719795718,
0.3102686463883807,
0.4847748103459425,
0.6469151146475008,
0.5962511215169922,
0.5716734273708056,
0.1227000876210918,
0.563357092821928,
0.41584718078343874,
0.563982257910769,
0.0,
0.49946837708526015,
0.5160217317536876,
0.29822364394105905,
0.6224813730719548,
0.5537895993959162,
0.42272058092163384,
0.5495130164985401,
0.47091155584292194,
0.4818159834750392,
0.7586427261940816,
0.4066608378255896,
0.5534553174114278,
0.8307280806267425,
0.30997079173146225,
0.6276411742568113,
0.42993539238479034,
0.39463333938821243,
0.15946822306124586,
0.5411784493146049,
0.6182721371184208,
0.224485128106033,
0.4964607365985019,
0.4118408678889836,
0.09594416862345295,
0.4888359461793752,
0.7949998092697423,
0.25071713757935,
0.2684134459098403,
0.5220814156235379,
0.4388230977548863,
0.7873325670586914,
0.3153098333800032,
0.7518906829419107,
0.8813332831096268,
