0.059189414704465426,
0.7508088974685012,
0.41008562157068307,
0.7000763198896329,
0.908809049951288,
0.3532741644991588,
0.1078625809435585,
0.657374660173399,
0.34935301192468343,
0.5291267658643978,
0.7218272383136728,
0.25443800518043735,
0.46736326412357665,
0.49132901637023296,
0.5747726830683002,
0.36591125654281625,
1.0,
0.38586449866190986,
0.5096593752175657,
0.5750512140938611,
0.7107845927774635,
0.5375443672219298,
0.45441905340845035,
0.6736856111034879,
0.628251351231434,
0.570754723732009,
0.46579857208387376,
0.5730411458073198,
0.2413425487299734,
0.5499953143959355,
0.9833293384635918,
0.2907881717767984,
0.509168360000407,
0.4771632038748866,
0.756649624802023,
0.46199864664702844,
0.32102317620193344,
0.9022016443502594,
0.6572512287732002,
0.7242250533119048,
0.4662592092431845,
0.5196069452099693,
0.7150708874889413,
0.5580233050685433,
0.6292745214734747,
0.22868886541800715,
0.7376785742928559,
0.25987585151653114,
0.7636682850818288,
0.5309132168362148,
0.7986001284644211,
0.6716089658758193,
0.17815817121465538,
0.3702984768793307,
0.5160935537480468,
0.5002631585657675,
0.5626655351307057,
0.596996176413588,
0.8469811965781642,
0.47708792782295717,
0.19719262778133317,
0.6152954723451405,
0.5190302515234388,
0.21466685045621609,
0.6575514170898589,
0.6652117393393961,
0.28771420809806036,
0.3134947110035552,
0.1809761133847727,
0.6333240204117895,
0.5989819156189162,
0.25063891557239704,
0.6755891106792726,
0.5133861361044366,
0.27952394672214187,
0.6081035709462564,
0.49115114652017583,
0.22044088391668282,
0.6058232415379627,
0.637171638842007,
0.4881809600417862,
0.48587698378257554,
0.3822632645320456,
0.6500893616105029,
0.21773837159786202,
0.4059254631263606,
0.7020607184535985,
0.3961906131436721,
0.8628291342191527,
0.23171788063621113,
0.6408905776693061,
0.5126976833348121,
0.6172621648601552,
0.3534925775961836,
0.3679258234021803,
0.3458999578726776,
0.11785772051895704,
0.6607449476465003,
0.15086145037594584,
0.6396160784990974,
