0.18299547607123273,
0.18500634139377692,
0.0,
0.0,
0.11580886078241837,
0.11152039054137439,
0.21957566482996543,
0.32859352364727346,
0.0,
0.03738814011732877,
0.5997732093066259,
0.10532496008523945,
0.19462470742077687,
0.08348453665109948,
0.21672194915017362,
0.3162683803480163,
0.5555157198780094,
0.30351413633339325,
0.2706965209550467,
0.3457972420109306,
0.04198508214425245,
0.450141566927481,
0.08635337861702805,
0.187480466413803,
0.07539638078416758,
0.23758787373366697,
0.02933945075080646,
0.3368889925295627,
0.5615453332920365,
0.5956056764238866,
0.16089207130133495,
0.0,
0.2300003571864466,
0.6117488763651318,
0.0246536994598463,
0.12170040281538186,
0.3174861840584092,
0.09733402399897667,
0.0,
0.21289292917901553,
