0.18299547607123273,
0.18500634139377692,
0.0,
0.0,
0.11580886078241837,
0.11152039054137439,
0.21957566482996543,
0.32859352364727346,
0.0,
0.03738814011732877,
0.5997732093066259,
0.10532496008523945,
0.19462470742077687,
0.08348453665109948,
0.21672194915017362,
0.3162683803480163,
0.5555157198780094,
0.30351413633339325,
0.2706965209550467,
0.3457972420109306,
0.04198508214425245,
0.450141566927481,
0.08635337861702805,
0.187480466413803,
0.07539638078416758,
0.23758787373366697,
0.02933945075080646,
0.3368889925295627,
0.5615453332920365,
0.5956056764238866,
0.16089207130133495,
0.0,
0.2300003571864466,
0.6117488763651318,
0.0246536994598463,
0.12170040281538186,
0.3174861840584092,
0.09733402399897667,
0.0,
0.21289292917901553,
0.0,
0.47627268321547933,
0.49679189492364517,
0.07124006832204291,
0.32507722268780914,
0.4539148207866998,
0.6349488072331634,
0.5061542450676195,
0.0,
0.3372153533868291,
0.14377496459571343,
0.335301949639869,
0.0,
0.21135783603011501,
0.3848446853128566,
0.37635611119728507,
0.3741491512477374,
0.47295845231215194,
0.5022714719293765,
0.07439854209836502,
0.6994318784192601,
0.22154121211553274,
0.3683105102430088,
0.0,
0.18238932171257521,
0.5291611251266819,
0.40658599123123085,
0.34978023244239476,
0.3445947751441936,
0.1069327523021894,
0.1984293462659374,
0.34021897085086,
0.23990818716591117,
0.1720396460929963,
0.6011385052986435,
0.27785173221395704,
0.2204374175653116,
0.4507421081913555,
0.2072013778935513,
0.15534209201382562,
