0.6902740749011277,
0.600142991753649,
0.6702840875145653,
0.8844116515614209,
0.819952994425464,
0.49474850830397876,
0.5399493305411769,
0.581661020343028,
0.6804566699402724,
0.5148418688703833,
0.7089584835515421,
0.3347444141842878,
0.43022303684034374,
1.0,
1.0,
0.5327306144998447,
0.7747674914891631,
0.5703148938618089,
0.6677122805337476,
0.7386128960830791,
0.5031117264909442,
0.7480077862243203,
0.471661966121422,
0.4080157462736292,
0.7790690790970011,
0.7263549606725846,
0.4626688671037384,
0.6481579119660094,
0.9277755198808227,
0.44204509148866084,
0.8556519927141832,
0.5600287189338083,
0.5595016359011349,
0.45923508788800316,
0.5451839716168767,
0.6294020707958852,
0.8033404865516125,
0.8308852641920781,
0.846960180628856,
0.7479978918689941,
0.395460928292112,
0.7199917358203419,
0.8320404048672982,
0.6628893562310083,
0.5217494179191879,
0.6348854013850738,
0.3524427489295028,
0.685837334416171,
0.6275514172732891,
0.5930594545678494,
0.3306538018115779,
0.8562709359318276,
0.9096329700425908,
0.9228045246192172,
0.7612585399706097,
0.7592345275862725,
0.5172710511606953,
0.7442164803515083,
0.5401066898444358,
0.8477203705528937,
0.8135416785285012,
0.939150152427764,
0.8136829933158243,
0.7941054669750569,
0.9400867048242948,
0.8687197245927172,
0.7857211857552224,
0.9281854943287544,
0.9946050401295395,
0.8612447852562597,
0.640931710541186,
0.8316512615920812,
0.790005789053499,
0.694199990296455,
0.7982381252283541,
0.6326695022692894,
0.5439230766966264,
0.6437833890947755,
0.591707795366531,
0.9018984936312867,
0.8593312516812989,
0.8706226923876763,
0.9034380646088676,
0.7681215604205973,
0.5520026807723719,
0.6348297521430225,
0.8822110546930397,
0.8981166867488716,
1.0,
0.4903955717200085,
0.902660458358808,
0.5309425586472538,
0.4631555082561999,
0.8152280599825503,
0.6196297319547497,
0.7837109103169727,
0.7407742853124824,
0.4500972577410811,
0.8868031780802399,
0.9198253244591517,
