0.6902740749011277,
0.600142991753649,
0.6702840875145653,
0.8844116515614209,
0.819952994425464,
0.49474850830397876,
0.5399493305411769,
0.581661020343028,
0.6804566699402724,
0.5148418688703833,
0.7089584835515421,
0.3347444141842878,
0.43022303684034374,
1.0,
1.0,
0.5327306144998447,
0.7747674914891631,
0.5703148938618089,
0.6677122805337476,
0.7386128960830791,
0.5031117264909442,
0.7480077862243203,
0.471661966121422,
0.4080157462736292,
0.7790690790970011,
0.7263549606725846,
0.4626688671037384,
0.6481579119660094,
0.9277755198808227,
0.44204509148866084,
0.8556519927141832,
0.5600287189338083,
0.5595016359011349,
0.45923508788800316,
0.5451839716168767,
0.6294020707958852,
0.8033404865516125,
0.8308852641920781,
0.846960180628856,
0.7479978918689941,
0.395460928292112,
0.7199917358203419,
0.8320404048672982,
0.6628893562310083,
0.5217494179191879,
0.6348854013850738,
0.3524427489295028,
0.685837334416171,
0.6275514172732891,
0.5930594545678494,
0.3306538018115779,
0.8562709359318276,
0.9096329700425908,
0.9228045246192172,
0.7612585399706097,
0.7592345275862725,
0.5172710511606953,
0.7442164803515083,
0.5401066898444358,
0.8477203705528937,
