0.37987720656157375,
0.0992068058479515,
0.4704427627407093,
0.6461028222512657,
0.6385801804129656,
0.7288315713376134,
0.451709655141406,
0.46769625932522796,
0.7439588508226296,
0.16710725212001137,
0.4976779984085478,
0.24537199355482353,
0.43704356091114177,
0.3505017813869566,
0.4148323792421278,
0.4152083551265873,
0.37056425897679945,
0.46667914503732477,
0.3719707878195597,
0.0,
0.4804141393267641,
0.6164819545224753,
0.47913553190995806,
0.291019684401873,
0.5910182275024838,
0.5328858415922991,
0.5390464618139275,
0.25891156872744603,
0.2677313643460947,
0.4486213795334819,
0.37768334390781927,
0.6225056318831954,
0.35702155715861406,
0.64560086158671,
0.49459599600138365,
0.5131244378325551,
0.1765310501182672,
0.45885975369036736,
0.7651347358722511,
0.5917354892799954,
0.1682641671322701,
0.4081335346838584,
0.7344405251401696,
0.8272594285493446,
0.3924031180236959,
0.33058149938969256,
0.34602199953681373,
0.0,
0.25782645718344066,
0.4996140127740192,
0.6726047672665392,
0.0,
0.6080778618571838,
0.36001668465569403,
0.912855599307073,
0.6906359320174195,
0.35979091127560725,
0.5835018400461889,
0.5761930338936718,
0.8431649082403437,
0.46493450257894997,
0.44156350980277714,
0.5186224382830248,
0.48949313633847663,
0.09616910370837778,
0.40774937866693617,
0.5207364408139311,
0.5208473584389498,
0.5443544729687481,
0.709585298009043,
0.6710303389268533,
1.0,
0.6498934370478582,
0.34388357998657276,
0.41096488282647026,
0.510624830107151,
0.39828440825798683,
0.39815352327284825,
0.5194294513567973,
0.5483644058331291,
0.22910732443929488,
0.6450895668082509,
0.5773502871861019,
0.8560041750793048,
0.3724005882624766,
0.7345693064067395,
0.7361077744183264,
0.08382191933218763,
0.6580362390825287,
0.6172502214249058,
0.6135660924653488,
0.29407623349788115,
0.400274248471383,
0.41402962219025685,
0.4547204143665048,
0.9444511958574242,
0.5410644342581329,
0.42065175496404955,
0.6077650661662212,
0.5261737533849741,
