1,0.813989472678373,
2,0.7539373420992319,
3,0.7564416137688439,
4,0.9689632540185616,
5,0.7098985963329145,
6,0.8202595788166437,
7,0.8830334417109684,
8,0.44191842753442656,
9,0.7990157325327791,
10,0.6992950902425971,
11,0.16373680904629018,
12,0.6235290554886548,
13,0.9283642183750164,
14,0.9580259269513053,
15,0.8789767220019412,
16,0.8100984772555605,
17,0.6978247577299773,
18,0.8052829476718837,
19,0.968643404949214,
20,0.5738188196318623,
21,0.8158257990393093,
22,0.5984952485569331,
23,0.589658732312766,
24,0.7355274689201111,
25,0.911128908853177,
26,0.9042381578628803,
27,0.7738210089494713,
28,0.8575850667107554,
29,0.9911339492075424,
30,0.9146512573528537,
31,0.9814952015962414,
32,0.5590361932014425,
33,0.7999484650405072,
34,0.6763383862803003,
35,0.8262586934367064,
36,0.9827115914438638,
37,0.5315775133301364,
38,0.4285998884441519,
39,0.42340941656734055,
40,0.2552853816475832,
41,0.5653833477292385,
42,0.9083103361301894,
43,0.9546559026729227,
44,0.8844367544005146,
45,0.8078648379657243,
46,0.8239228301557697,
47,0.5676101679260912,
48,0.24989249425852322,
49,0.8435548161803585,
50,0.6005458328096167,
51,0.684203672358469,
52,0.2801477837753661,
53,0.89042008522396,
54,0.69546265750468,
55,0.4075924011280493,
56,0.8805940411682798,
57,0.7601670208823601,
58,0.7599263330113383,
59,0.859841650462906,
60,0.9746695713426295,
61,0.8879821177529319,
62,0.6955157930417801,
63,0.9541451436809634,
64,0.6693237279612516,
65,0.6232703534742752,
66,0.763084417293969,
67,0.9581408455045891,
68,0.39325500242217104,
69,0.4546547917905467,
70,0.4363612425333549,
71,0.986670133337578,
72,0.7155234431136221,
73,0.976820793509139,
74,0.9444094698248432,
75,0.5630755018872495,
76,0.4746228605532628,
77,0.7884626778747266,
78,0.7224533806344577,
79,0.9367764219621837,
80,0.3226414798964473,
81,0.736907087596622,
82,0.7392194327805782,
83,0.8700918167318361,
84,0.9141548704327587,
85,0.8489093924572475,
86,0.9239803034616002,
87,0.13990118944525354,
88,0.8538576230531024,
89,0.9909580360721434,
90,0.6114843969580688,
91,0.887054889426968,
92,0.5625546422852178,
93,0.7437566216526369,
94,0.8711354805864607,
95,0.801972795723091,
96,0.9786184211130053,
97,0.9997915032709012,
98,0.4800365743283132,
99,0.704482451670819,
100,0.7588452469182823,


