1,0.813989472678373,
2,0.7539373420992319,
3,0.7564416137688439,
4,0.9689632540185616,
5,0.7098985963329145,
6,0.8202595788166437,
7,0.8830334417109684,
8,0.44191842753442656,
9,0.7990157325327791,
10,0.6992950902425971,
11,0.16373680904629018,
12,0.6235290554886548,
13,0.9283642183750164,
14,0.9580259269513053,
15,0.8789767220019412,
16,0.8100984772555605,
17,0.6978247577299773,
18,0.8052829476718837,
19,0.968643404949214,
20,0.5738188196318623,
21,0.8158257990393093,
22,0.5984952485569331,
23,0.589658732312766,
24,0.7355274689201111,
25,0.911128908853177,
26,0.9042381578628803,
27,0.7738210089494713,
28,0.8575850667107554,
29,0.9911339492075424,
30,0.9146512573528537,
31,0.9814952015962414,
32,0.5590361932014425,
33,0.7999484650405072,
34,0.6763383862803003,
35,0.8262586934367064,
36,0.9827115914438638,
37,0.5315775133301364,
38,0.4285998884441519,
39,0.42340941656734055,
40,0.2552853816475832
