0.813989472678373,
0.7539373420992319,
0.7564416137688439,
0.9689632540185616,
0.7098985963329145,
0.8202595788166437,
0.8830334417109684,
0.44191842753442656,
0.7990157325327791,
0.6992950902425971,
0.16373680904629018,
0.6235290554886548,
0.9283642183750164,
0.9580259269513053,
0.8789767220019412,
0.8100984772555605,
0.6978247577299773,
0.8052829476718837,
0.968643404949214,
0.5738188196318623,
0.8158257990393093,
0.5984952485569331,
0.589658732312766,
0.7355274689201111,
0.911128908853177,
0.9042381578628803,
0.7738210089494713,
0.8575850667107554,
0.9911339492075424,
0.9146512573528537,
0.9814952015962414,
0.5590361932014425,
0.7999484650405072,
0.6763383862803003,
0.8262586934367064,
0.9827115914438638,
0.5315775133301364,
0.4285998884441519,
0.42340941656734055,
0.2552853816475832
