0.813989472678373,
0.7539373420992319,
0.7564416137688439,
0.9689632540185616,
0.7098985963329145,
0.8202595788166437,
0.8830334417109684,
0.44191842753442656,
0.7990157325327791,
0.6992950902425971,
0.16373680904629018,
0.6235290554886548,
0.9283642183750164,
0.9580259269513053,
0.8789767220019412,
0.8100984772555605,
0.6978247577299773,
0.8052829476718837,
0.968643404949214,
0.5738188196318623,
0.8158257990393093,
0.5984952485569331,
0.589658732312766,
0.7355274689201111,
0.911128908853177,
0.9042381578628803,
0.7738210089494713,
0.8575850667107554,
0.9911339492075424,
0.9146512573528537,
0.9814952015962414,
0.5590361932014425,
0.7999484650405072,
0.6763383862803003,
0.8262586934367064,
0.9827115914438638,
0.5315775133301364,
0.4285998884441519,
0.42340941656734055,
0.2552853816475832,
0.5653833477292385,
0.9083103361301894,
0.9546559026729227,
0.8844367544005146,
0.8078648379657243,
0.8239228301557697,
0.5676101679260912,
0.24989249425852322,
0.8435548161803585,
0.6005458328096167,
0.684203672358469,
0.2801477837753661,
0.89042008522396,
0.69546265750468,
0.4075924011280493,
0.8805940411682798,
0.7601670208823601,
0.7599263330113383,
0.859841650462906,
0.9746695713426295
