1,0.5728523003496427,
2,0.8457990743067035,
3,0.09804524270184778,
4,0.49973230838806076,
5,0.6814641485532884,
6,0.4854028187143613,
7,0.4122813338129768,
8,0.6248179229823949,
9,0.606414810145117,
10,0.3081102899369794,
11,0.9442051591763205,
12,0.7646450278639917,
13,0.7122380331843204,
14,0.6370452927134171,
15,0.9384558106003674,
16,0.9595418152805253,
17,0.7262116567479744,
18,0.47787522272933636,
19,0.6642784643299952,
20,0.6073277726131115,
21,0.5287576396201805,
22,0.5074149819347868,
23,0.7862898309736485,
24,0.7769949114804737,
25,0.6707430788248948,
26,0.7196726196035818,
27,0.7234401020078522,
28,0.8042327906654779,
29,0.7296392568714669,
30,0.8990015305583193,
31,0.931084889971448,
32,0.5585397756377868,
33,0.4220812390624858,
34,0.622833123282472,
35,0.822424093217595,
36,0.6270925495046724,
37,0.5274328535713655,
38,0.9185471346714994,
39,0.8182940034452102,
40,0.6060156975043787,
41,0.785914913936238,
42,0.7568018254203581,
43,0.6325236873125398,
44,0.6985465708857338,
45,0.7732172151303276,
46,0.9681994138112928,
47,0.9130624926128063,
48,0.8507804915445389,
49,0.9031621367946443,
50,0.7058343236005279,
51,0.9821590641496515,
52,0.4976975573080155,
53,0.40905871311586056,
54,0.8855514081188938,
55,0.7054368657598428,
56,0.8377097009138212,
57,0.7799303541652883,
58,0.6717211421017127,
59,0.7458741307884176,
60,0.9595431823100844,
61,0.8517362372504077,
62,0.8903039000181774,
63,0.33289433708658156,
64,0.2659861666247034,
65,0.8358415092776446,
66,0.07400430423359838,
67,0.5036934044557215,
68,0.6182300037941013,
69,0.8920069216710155,
70,0.9271486085767594,
71,0.789606954600159,
72,0.9225651985839143,
73,0.4116571084768601,
74,0.6214691580011702,
75,0.9133335286143877,
76,0.8112495538416834,
77,0.8274622593924585,
78,0.9408242898636057,
79,0.9540849348057477,
80,0.9204491807755293,
81,0.9817629645087916,
82,0.7967988744339948,
83,0.9846306178990475,
84,0.8384573565625542,
85,0.9404480699035537,
86,0.1765125179108863,
87,0.8796671195350184,
88,0.4676672410801734,
89,0.6012824353192763,
90,0.9839048867025646,
91,0.5215107233126057,
92,0.8104572865943648,
93,0.6890036297266862,
94,0.6980425743548998,
95,0.8123885113146214,
96,0.8730736729218214,
97,0.9119830287053947,
98,0.9931970710743948,
99,0.7416168943106212,
100,0.6842597493120345


