1,0.5728523003496427,
2,0.8457990743067035,
3,0.09804524270184778,
4,0.49973230838806076,
5,0.6814641485532884,
6,0.4854028187143613,
7,0.4122813338129768,
8,0.6248179229823949,
9,0.606414810145117,
10,0.3081102899369794,
11,0.9442051591763205,
12,0.7646450278639917,
13,0.7122380331843204,
14,0.6370452927134171,
15,0.9384558106003674,
16,0.9595418152805253,
17,0.7262116567479744,
18,0.47787522272933636,
19,0.6642784643299952,
20,0.6073277726131115,
21,0.5287576396201805,
22,0.5074149819347868,
23,0.7862898309736485,
24,0.7769949114804737,
25,0.6707430788248948,
26,0.7196726196035818,
27,0.7234401020078522,
28,0.8042327906654779,
29,0.7296392568714669,
30,0.8990015305583193,
31,0.931084889971448,
32,0.5585397756377868,
33,0.4220812390624858,
34,0.622833123282472,
35,0.822424093217595,
36,0.6270925495046724,
37,0.5274328535713655,
38,0.9185471346714994,
39,0.8182940034452102,
40,0.6060156975043787,
41,0.785914913936238,
42,0.7568018254203581,
43,0.6325236873125398,
44,0.6985465708857338,
45,0.7732172151303276,
46,0.9681994138112928,
47,0.9130624926128063,
48,0.8507804915445389,
49,0.9031621367946443,
50,0.7058343236005279,
51,0.9821590641496515,
52,0.4976975573080155,
53,0.40905871311586056,
54,0.8855514081188938,
55,0.7054368657598428,
56,0.8377097009138212,
57,0.7799303541652883,
58,0.6717211421017127,
59,0.7458741307884176,
60,0.9595431823100844
