0.5728523003496427,
0.8457990743067035,
0.09804524270184778,
0.49973230838806076,
0.6814641485532884,
0.4854028187143613,
0.4122813338129768,
0.6248179229823949,
0.606414810145117,
0.3081102899369794,
0.9442051591763205,
0.7646450278639917,
0.7122380331843204,
0.6370452927134171,
0.9384558106003674,
0.9595418152805253,
0.7262116567479744,
0.47787522272933636,
0.6642784643299952,
0.6073277726131115,
0.5287576396201805,
0.5074149819347868,
0.7862898309736485,
0.7769949114804737,
0.6707430788248948,
0.7196726196035818,
0.7234401020078522,
0.8042327906654779,
0.7296392568714669,
0.8990015305583193,
0.931084889971448,
0.5585397756377868,
0.4220812390624858,
0.622833123282472,
0.822424093217595,
0.6270925495046724,
0.5274328535713655,
0.9185471346714994,
0.8182940034452102,
0.6060156975043787,
0.785914913936238,
0.7568018254203581,
0.6325236873125398,
0.6985465708857338,
0.7732172151303276,
0.9681994138112928,
0.9130624926128063,
0.8507804915445389,
0.9031621367946443,
0.7058343236005279,
0.9821590641496515,
0.4976975573080155,
0.40905871311586056,
0.8855514081188938,
0.7054368657598428,
0.8377097009138212,
0.7799303541652883,
0.6717211421017127,
0.7458741307884176,
0.9595431823100844,
