0.7072093385723522,
0.42979335444528777,
0.7130100458723514,
0.33618103388764714,
0.43485600394035007,
0.40181429013842246,
0.8035818703033775,
0.6847205330353665,
0.5535404489876774,
0.7005285650255968,
0.4042079034246644,
0.4501422172923888,
0.49439624486068645,
0.4322046588971408,
0.206880497742793,
0.5438006229035061,
0.0,
0.6655523487237208,
0.5913563470846877,
0.8183542345197221,
0.5780752318852156,
0.4155712068627778,
0.30749628853987554,
0.2817268735716211,
0.13739448942352595,
0.31204750126949776,
0.7408494927030391,
0.3033199627289287,
0.06333563600386105,
0.5324533296134762,
0.4608200817397823,
0.4577728477310034,
0.9064381403428482,
0.5408148719886667,
0.6282344412841416,
0.40473707448651897,
0.2596155854688262,
0.060832919558354126,
0.4942402336155398,
0.630021285090499,
