0.332996158861231,
0.7292528362915291,
0.9731313571166998,
0.17105640798098798,
0.4936257642923992,
0.566958913782923,
0.338874288655891,
0.48063047537830844,
0.34141060443939697,
0.2953618836031787,
0.4917495428831394,
0.5073276095509406,
0.5022105189852913,
0.4190589368912139,
0.12833733793912128,
0.3076543327029124,
0.5296268789827177,
0.3003322654924935,
0.43013397519424046,
0.9457595911247179,
0.6488607972626215,
0.7160285933503846,
1.0,
0.3245447502972171,
0.3210902084916456,
0.37250103391053835,
0.32166365713282274,
0.29271538321231483,
0.8845213197359112,
0.4606580789596066,
0.7137851595737319,
0.4942099473588641,
0.1727451524768972,
0.4069469481494419,
0.8127503791857605,
0.27521630568803296,
0.3326485701536762,
0.2837153210190101,
0.8287034150968101,
0.21466985309542758,
0.3941698868752563,
0.6938510105801095,
0.41341183086098016,
0.6752909981080422,
0.3745363444567764,
0.6387027865332479,
0.8708980551704117,
0.4625845501422536,
0.5641429703750089,
0.4129127752406535,
0.5675827089705616,
0.2769696995740767,
0.3643420723058942,
0.744611041010349,
1.0,
0.31871351344367926,
0.6872908876579988,
0.5365897179909915,
0.4506753572767833,
0.4871309246567772,
0.6676781955865561,
0.611150626656143,
0.5603241567170252,
0.5053685206077256,
0.3464158282289863,
0.28662249616156177,
0.5404750112488553,
0.31495804817098483,
0.4304166096377895,
0.6369861282018896,
0.7786725701081594,
0.56366632157017,
0.31162892751926397,
0.5893409160389829,
0.5869017991459512,
0.6545684905744462,
0.21536413161313944,
0.39869091840379056,
0.7028148120518848,
0.6113991430431396,
0.8014199078195564,
0.5492108854577733,
0.4001703884997223,
0.30830322815017297,
0.4657172026988636,
0.29884223107480823,
0.527375721653536,
0.2919224216854499,
0.31619559664864827,
0.498513186029379,
0.44474741148538816,
0.6180027593350796,
0.29139895607845107,
0.33652211095721585,
0.16225677463086652,
0.4883622331671062,
0.3677911409715561,
0.07556064656770933,
0.3855454562675147,
0.4800192680791102,
