0.43970357518290887,
0.7744422204103687,
0.6915232027670962,
0.5797032615854114,
0.3670498302081444,
0.7069796953594486,
1.0,
0.7569696030711542,
1.0,
0.6006529142344219,
0.9425750282487699,
0.8394084513488347,
0.7220639526781832,
0.6272606624905285,
0.7249488079183438,
1.0,
0.772311971350277,
0.8105327328201152,
0.6540668939471468,
0.6725429913255435,
1.0,
1.0,
1.0,
0.7315842984732137,
0.6396311451990787,
0.4092405120967308,
0.7477085375425407,
0.5555274947630224,
0.31592568092819867,
0.44169738282429855,
0.7534115859252988,
0.852549346184216,
0.7339311224537411,
0.414390676853307,
1.0,
0.3183726900162107,
0.6124114958909801,
0.6555845469508252,
0.5192196052554638,
0.4349516997677373,
