0.43970357518290887,
0.7744422204103687,
0.6915232027670962,
0.5797032615854114,
0.3670498302081444,
0.7069796953594486,
1.0,
0.7569696030711542,
1.0,
0.6006529142344219,
0.9425750282487699,
0.8394084513488347,
0.7220639526781832,
0.6272606624905285,
0.7249488079183438,
1.0,
0.772311971350277,
0.8105327328201152,
0.6540668939471468,
0.6725429913255435,
1.0,
1.0,
1.0,
0.7315842984732137,
0.6396311451990787,
0.4092405120967308,
0.7477085375425407,
0.5555274947630224,
0.31592568092819867,
0.44169738282429855,
0.7534115859252988,
0.852549346184216,
0.7339311224537411,
0.414390676853307,
1.0,
0.3183726900162107,
0.6124114958909801,
0.6555845469508252,
0.5192196052554638,
0.4349516997677373,
0.6173190313147731,
0.6359452870722626,
0.5387721938565576,
0.8768251484608641,
0.9171033772940461,
0.8489608687135806,
0.5575079123723912,
0.8760158887335647,
0.6702782835504519,
0.5524509240142293,
0.4833960937003118,
0.6721305506316998,
0.45729412668822944,
0.7025463923881976,
0.7388694225176267,
0.5760277225626871,
0.823030234641068,
0.48205567506416047,
0.7542145871164712,
0.71833513300964,
1.0,
0.458051548158656,
0.4622461520641225,
0.7883784295115914,
0.8901060117264397,
0.5679893355126525,
0.44120794631548543,
0.7404182933577877,
0.7154824532346072,
0.6759063629140931,
0.9772791986524039,
0.7991763164342407,
0.5999693047654103,
0.4223648619826752,
0.6621922312164775,
0.5868711005185802,
0.6068967357143105,
0.7393176485312712,
1.0,
0.8533496907133858,
