0.19780441931153653,
0.21445762544638514,
0.04518597094481158,
0.4987250094121858,
0.256891732343789,
0.3927774325720089,
0.4913717802717551,
0.44879362260636535,
0.31104000961799144,
0.13272337020526745,
0.48019186775612693,
0.21256454141209277,
0.5406407974826556,
0.3726759770519788,
0.6076675730347201,
0.46265203729242926,
0.10236670145504878,
0.267851781851173,
0.34922465999225877,
0.4820782860508708,
0.48476898490176473,
0.44083995520631425,
0.46968509625725974,
0.3468944996515708,
0.4700020389891392,
0.43813310244718623,
0.7081089714046312,
0.3966684203633861,
0.02278227521220466,
0.7018945823541848,
0.16275116755727656,
0.05864916977265894,
0.5283362201882132,
0.0,
0.20971975029005036,
0.3799844830504414,
0.3372165923917626,
0.4462405125347133,
0.07349250786624209,
0.32246533069790084,
