0.19780441931153653,
0.21445762544638514,
0.04518597094481158,
0.4987250094121858,
0.256891732343789,
0.3927774325720089,
0.4913717802717551,
0.44879362260636535,
0.31104000961799144,
0.13272337020526745,
0.48019186775612693,
0.21256454141209277,
0.5406407974826556,
0.3726759770519788,
0.6076675730347201,
0.46265203729242926,
0.10236670145504878,
0.267851781851173,
0.34922465999225877,
0.4820782860508708,
0.48476898490176473,
0.44083995520631425,
0.46968509625725974,
0.3468944996515708,
0.4700020389891392,
0.43813310244718623,
0.7081089714046312,
0.3966684203633861,
0.02278227521220466,
0.7018945823541848,
0.16275116755727656,
0.05864916977265894,
0.5283362201882132,
0.0,
0.20971975029005036,
0.3799844830504414,
0.3372165923917626,
0.4462405125347133,
0.07349250786624209,
0.32246533069790084,
0.6955508619343233,
0.22297367394251033,
0.08023326304390668,
0.0,
0.21641932493060675,
0.23014609830021523,
0.4856628922484008,
0.09212259952853394,
0.149948885649998,
0.6452006442463607,
0.1025989134472958,
0.27823124889647083,
0.13219044603732122,
0.24822296899436663,
0.16866131668944326,
0.6122042549031576,
0.6263497988849331,
0.31947393911800814,
0.11034696296185958,
0.21154595375554175,
0.1861312818882549,
0.03924853248920662,
0.29787210396718444,
0.16974486484069484,
0.05684369466949593,
0.6542841627278473,
0.07109750686618807,
0.0,
0.41401862014232904,
0.23807390058879435,
0.4034809699614682,
0.38543151239317996,
0.3249231556955671,
0.3198368643134407,
0.3447134152927828,
0.7072992823995239,
0.35657540427059553,
0.4070565946139374,
0.4139903617930433,
0.44925580920577846,
