0.6938404660330824,
0.7945736937907867,
0.8198318402247218,
0.9548001551181267,
0.6782784727660998,
0.6969809088788723,
0.6194524409248771,
0.6354275719290039,
0.6106834666253178,
0.5292761279054207,
0.7137020777757721,
0.9520513497601477,
0.4210368505316378,
0.7024026724724781,
0.6117571670428902,
0.5590413819216549,
0.7045043559513738,
0.38231091415747304,
0.894509951802348,
0.6988295693046065,
0.5549696850459568,
0.9151391118069934,
0.6623250897765385,
0.7783011892147517,
0.8362365264017263,
1.0,
0.7539296302132728,
0.8770657219656279,
0.7730898067902621,
0.4472132860963461,
0.8253529945600487,
0.9679712635970432,
0.6765884426228552,
1.0,
1.0,
0.3260958996428801,
0.7557293437206295,
0.637808938974104,
1.0,
0.8250899004490773,
1.0,
0.5827625908378757,
0.6634093082749853,
0.8770175376772135,
0.763125786668699,
0.7350148377732529,
1.0,
0.8561894410725293,
0.7032259850196446,
0.9549882693682483,
1.0,
0.5269985687313055,
0.6366701121707262,
0.39841298368122047,
0.8694643333190132,
0.5008985908198873,
0.31051932833932183,
0.6513974364363584,
0.5615687161114661,
0.5181549853298717,
0.5876324715286221,
0.554467961682888,
0.8666726506671742,
0.7497238552559743,
0.9558521870662586,
0.6988980539270113,
0.8057599714069241,
0.4796727639849009,
0.5008536828754521,
0.6618178288145583,
0.609483251131145,
0.1448822263259213,
0.9057922573013876,
0.51627585073391,
0.790122586364822,
0.9185784381968545,
0.5490998790988424,
0.9141918938245007,
0.6430407989340547,
1.0,
0.6979209471218931,
0.9783639423282298,
0.6604456025922063,
0.7161035749402702,
0.7723080853382636,
1.0,
0.5964405814559517,
0.6826165688094883,
0.8889035125415401,
0.5760265989894697,
0.8067968202061828,
0.8658495415861964,
0.6665002392505012,
0.8977291079580207,
0.48568250217688047,
0.838459994055579,
0.8960126017546334,
0.9211019161433183,
0.553898125657913,
0.5403512814830671,
