0.6938404660330824,
0.7945736937907867,
0.8198318402247218,
0.9548001551181267,
0.6782784727660998,
0.6969809088788723,
0.6194524409248771,
0.6354275719290039,
0.6106834666253178,
0.5292761279054207,
0.7137020777757721,
0.9520513497601477,
0.4210368505316378,
0.7024026724724781,
0.6117571670428902,
0.5590413819216549,
0.7045043559513738,
0.38231091415747304,
0.894509951802348,
0.6988295693046065,
0.5549696850459568,
0.9151391118069934,
0.6623250897765385,
0.7783011892147517,
0.8362365264017263,
1.0,
0.7539296302132728,
0.8770657219656279,
0.7730898067902621,
0.4472132860963461,
0.8253529945600487,
0.9679712635970432,
0.6765884426228552,
1.0,
1.0,
0.3260958996428801,
0.7557293437206295,
0.637808938974104,
1.0,
0.8250899004490773,
