0.8746517369222102,
0.35457942094978123,
0.5980136033881112,
0.10530780879051027,
0.42704932131147477,
0.7522960532622316,
0.4211276657965233,
0.7884019292927276,
0.790237808710279,
0.577739141550049,
0.3142324520848485,
0.5188476444254085,
0.5210074434688301,
0.34849959397564184,
0.7099804025473404,
0.4049720241035883,
0.5256302918499566,
0.46488050574801626,
0.425386117625547,
0.7771643071871093,
0.5545722774312764,
0.32792183934585983,
0.6434778813155351,
0.3290972455121958,
0.2913263894633754,
0.4778179573598486,
0.4494429256144417,
0.2901191464790105,
0.6832830076366452,
0.46408456175604407,
0.3829997612876822,
0.6906376086328464,
0.34782679950742357,
0.6565712101769082,
0.5279993726680831,
0.5978517616763949,
0.8123008457303926,
0.38371398501586274,
0.6332066306933922,
0.5837171404790215,
