0.7221296581570043,
0.7731354536891805,
1.0,
0.5480864640541174,
0.8951402570068226,
0.46114809362186715,
0.819160342206125,
1.0,
1.0,
0.579453093990131,
0.5402873529225761,
0.5208719794215543,
0.4806742225648525,
0.6084506723775248,
0.7628530421964278,
0.6282743641838386,
0.7101882600128746,
0.35001485922006115,
0.9060620424603644,
0.6457051729625978,
0.7534781292381192,
0.8153286344635932,
0.8017656074052063,
0.9395717658799917,
0.760929536831737,
0.3874410230439411,
0.7422308949454273,
0.6454228583494135,
0.629674902624524,
0.7117413568992769,
0.11305554239055071,
0.32553093730276406,
0.6594659443045372,
0.6940323214339139,
0.6815217022968256,
1.0,
0.8644821408148682,
0.5484321300221916,
0.9199290847850333,
0.8170688807237122,
0.8154040171053752,
0.8316508337913272,
0.6292068509756201,
0.7273050442315446,
0.6358989533386249,
0.5198339512746006,
0.7412773618586539,
0.941503396793109,
0.5995578653955247,
0.665215057313134,
0.40887778093721255,
0.8747917454554905,
0.7035482702274638,
0.4064304160217359,
0.7160541435496831,
0.4762691924672332,
0.7249252661140855,
0.9012472629991427,
0.6691011353822723,
0.8521245443000063,
