0.6558553642736537,
0.7059438153404115,
1.0,
0.830711364903955,
0.7011525387947746,
0.7617936794008024,
0.577338341762808,
0.9677271795526211,
0.7412976864873189,
0.7224950617795226,
0.7545021653538817,
0.7141648652164312,
0.920043385808647,
0.599884186326938,
0.8915900215785094,
0.5996236166882396,
0.6081354279576466,
0.9433943713783735,
0.57580156961112,
0.5466909367798531,
0.8058975667346928,
0.7438156343212011,
0.45362799826521294,
0.7674788158062547,
0.9404142656556642,
0.5992794368016812,
1.0,
0.607345051612197,
0.8366890469457402,
0.5033149856080454,
0.6523116370927935,
0.5491938814420624,
0.7647896756242082,
0.7631499313921634,
0.478160682735315,
0.5411595612914194,
0.5674524362983906,
0.7944121955335304,
0.6042687433196009,
0.7446659478451714,
0.7129570238448714,
0.7400891011300545,
0.8369040744436733,
0.35262663397662175,
0.6185991192688121,
0.5581260293692716,
0.8377352659548423,
0.6500777028660478,
0.7937911968406369,
0.4479352553790294,
0.5903190678640875,
0.7746961840860423,
0.7846511745432322,
0.5034259647422227,
0.5537722102950694,
0.7604439318012519,
0.8775003952686805,
0.9566688352671329,
0.7646371679878253,
0.5142916497163923,
0.6885572166732701,
0.8063221764196085,
0.6714287636753448,
0.6821857451422846,
0.5905242217063192,
0.6178878954903928,
0.6188668144479643,
0.7004505963534772,
0.6093084112365562,
0.48450395497946275,
0.9872442210472874,
1.0,
0.6808117940268017,
0.6889730232807453,
0.6502809575767581,
0.8086030276202826,
0.7249987177840459,
0.5591418488800639,
0.900961662082177,
0.9113826868281625,
0.8590535284264629,
1.0,
0.6862354526856256,
0.737517040884197,
0.6578983767492748,
0.8750776052516466,
0.7073345018159962,
0.84017567248057,
0.7646409665619752,
0.7986248893712913,
0.6405047337693957,
1.0,
0.6896383526876745,
1.0,
0.5983060012543422,
1.0,
0.6210299116271975,
1.0,
0.5492954284918004,
1.0,
