0.6558553642736537,
0.7059438153404115,
1.0,
0.830711364903955,
0.7011525387947746,
0.7617936794008024,
0.577338341762808,
0.9677271795526211,
0.7412976864873189,
0.7224950617795226,
0.7545021653538817,
0.7141648652164312,
0.920043385808647,
0.599884186326938,
0.8915900215785094,
0.5996236166882396,
0.6081354279576466,
0.9433943713783735,
0.57580156961112,
0.5466909367798531,
0.8058975667346928,
0.7438156343212011,
0.45362799826521294,
0.7674788158062547,
0.9404142656556642,
0.5992794368016812,
1.0,
0.607345051612197,
0.8366890469457402,
0.5033149856080454,
0.6523116370927935,
0.5491938814420624,
0.7647896756242082,
0.7631499313921634,
0.478160682735315,
0.5411595612914194,
0.5674524362983906,
0.7944121955335304,
0.6042687433196009,
0.7446659478451714,
0.7129570238448714,
0.7400891011300545,
0.8369040744436733,
0.35262663397662175,
0.6185991192688121,
0.5581260293692716,
0.8377352659548423,
0.6500777028660478,
0.7937911968406369,
0.4479352553790294,
0.5903190678640875,
0.7746961840860423,
0.7846511745432322,
0.5034259647422227,
0.5537722102950694,
0.7604439318012519,
0.8775003952686805,
0.9566688352671329,
0.7646371679878253,
0.5142916497163923,
