0.368479382975862,
0.0,
0.6845073071519092,
0.49677521133857666,
0.26872569546887604,
0.2753528454726931,
0.2006982784972976,
0.48414109710968056,
0.44175899420969744,
0.3101501428778048,
0.20473802751973627,
0.46338518042757915,
0.43840859848418057,
0.1588437853354347,
0.08704105362706976,
0.3313947429792243,
0.362547578405005,
0.0,
0.097012940384689,
0.0,
0.43205574414298065,
0.3323489294429896,
0.05582288786932385,
0.4401851054408732,
0.19327510857136135,
0.6959702277426039,
0.12956058591755976,
0.22462964671799684,
0.23708077430412094,
0.1479036756979066,
0.3345656128446747,
0.22295453579703567,
0.2791734230192536,
0.03632466368897841,
0.6581192789400185,
0.3198930939244503,
0.45183179424669445,
0.14520021753409962,
0.3721302405360505,
0.4700186333842219,
