0.368479382975862,
0.0,
0.6845073071519092,
0.49677521133857666,
0.26872569546887604,
0.2753528454726931,
0.2006982784972976,
0.48414109710968056,
0.44175899420969744,
0.3101501428778048,
0.20473802751973627,
0.46338518042757915,
0.43840859848418057,
0.1588437853354347,
0.08704105362706976,
0.3313947429792243,
0.362547578405005,
0.0,
0.097012940384689,
0.0,
0.43205574414298065,
0.3323489294429896,
0.05582288786932385,
0.4401851054408732,
0.19327510857136135,
0.6959702277426039,
0.12956058591755976,
0.22462964671799684,
0.23708077430412094,
0.1479036756979066,
0.3345656128446747,
0.22295453579703567,
0.2791734230192536,
0.03632466368897841,
0.6581192789400185,
0.3198930939244503,
0.45183179424669445,
0.14520021753409962,
0.3721302405360505,
0.4700186333842219,
0.16230840884207542,
0.38436123066251204,
0.32122504358937515,
0.397849398134171,
0.08838366546410498,
0.4932435009652144,
0.5681162234822892,
0.43413587416566246,
0.377645123153844,
0.12568295034799068,
0.06872313735569885,
0.07175569980331178,
0.18773713968737482,
0.23932063594213426,
0.3002533060913753,
0.4031401476807895,
0.32674435989260675,
0.302453014154608,
0.0,
0.1097892003434896,
0.0,
0.2628784831091351,
0.28881232627169606,
0.2387509758004762,
0.2833243810406202,
0.8174115105895463,
0.2442076922989443,
0.01350830622217164,
0.5934666638813888,
0.7562049507614723,
0.949150626490904,
0.3664072140191341,
0.27171811467542334,
0.4413542138062678,
0.5042577839555432,
0.3388677901868995,
0.006668810940066772,
0.5602336827165156,
0.6012110304409748,
0.4249378181132105,
