0.4949197938211059,
0.559028002438134,
0.5728704663014892,
0.605826035686656,
0.42532944863861105,
0.44930163715912225,
0.40910479659324983,
0.507234762692084,
0.44287501866690954,
0.519656670332864,
0.35147432022465475,
0.7700366686924034,
0.5105347850456015,
0.1393756844073652,
0.5331767845208575,
0.5401155095527949,
0.2550117681428532,
0.7649061160776428,
0.5005181860804755,
0.3517119499112802,
0.4365379885594801,
0.632803986821545,
0.47081042723061833,
0.2766149451914081,
0.5575406330236174,
0.2295243416800909,
0.6216718827272019,
0.35429116596383425,
0.5138127031201606,
0.6187299827440318,
0.9309445593568024,
0.4981243424231558,
0.4310776481369158,
0.15728401724140673,
0.5924574993047169,
0.6524390133519211,
0.5060206156828112,
0.4078481433647283,
0.3490134062028883,
0.4438911829973105,
0.2500359507161573,
0.7142000485616181,
0.3081977306542548,
0.5911766239818553,
0.47545812668624304,
0.5369574062341,
0.4077600122577709,
0.34424249376862937,
0.23197573523967902,
0.41746968758037983,
0.45087456034811657,
0.17249065649082984,
0.5418758314045239,
0.5998748527004517,
1.0,
0.6698964217804677,
0.35518131213053733,
0.31138043397672754,
0.1893997571007182,
0.9579879593301512,
0.49249069928088124,
0.41190297484749894,
0.12410963312660245,
0.6751526614353742,
0.5619047976295423,
0.6639006772858972,
0.4321697659671995,
0.2811350412735089,
0.5839070907523313,
0.4703713696533563,
0.46394189282383536,
0.6248505718934877,
0.6013758050898196,
0.5190433264737655,
0.5747086970317777,
0.5642229079830422,
0.8216550106752039,
0.41446047950320664,
0.5555055169817218,
0.44656879180872255,
