0.32027617707206446,
0.28401076074038956,
0.5758519989365587,
0.0353171742101146,
0.2905329163849092,
0.2231941702092199,
0.431406521553673,
0.518069642810712,
0.5062728539339167,
0.0,
0.268103761351405,
0.6110088851301031,
0.4388294653191985,
0.0,
0.6997112748193342,
0.033975800548984136,
0.15882305053680043,
0.7226431355739376,
0.07797757980207282,
0.3731581081865864,
0.3656865085233545,
0.16789267769869656,
0.38860499376173285,
0.31726113674520595,
0.12028102510485827,
0.19515224615942794,
0.4894728883151203,
0.2877900279198586,
0.06641412234316058,
0.3019518173562424,
0.5610135816177504,
0.5620256119338711,
0.32142631352458534,
0.05034076212877603,
0.3527354718099025,
0.07114395817891955,
0.5882726091847266,
0.5802497494630401,
0.349900370550206,
0.48144520566605414,
