0.5933804427350148,
0.6328704971182484,
0.2671144748629439,
0.3505833198878877,
1.0,
0.6104265108992953,
0.662351323423111,
0.5907363018077758,
0.42886797675597793,
0.5994329576922526,
0.6080500502433238,
0.11457511713395474,
0.24768576987858604,
0.663273169827161,
0.541201752001998,
0.6369199924184554,
0.75565188202277,
0.3149428880675258,
0.5097567434003278,
0.7954432642432823,
0.83376896677514,
0.3847893982039079,
0.39988156258597823,
0.4967826130837969,
0.5308872345948356,
0.7078279219946513,
0.5873541657178647,
0.7906371856707652,
0.3592759378399375,
0.716461417007187,
0.7270570642265766,
0.3867409669154356,
0.7778753176896067,
0.5035379560359978,
0.5671867667563306,
0.0,
0.294674021841393,
0.28331572812241523,
0.4719269864813745,
0.5876735328680524,
