0.5933804427350148,
0.6328704971182484,
0.2671144748629439,
0.3505833198878877,
1.0,
0.6104265108992953,
0.662351323423111,
0.5907363018077758,
0.42886797675597793,
0.5994329576922526,
0.6080500502433238,
0.11457511713395474,
0.24768576987858604,
0.663273169827161,
0.541201752001998,
0.6369199924184554,
0.75565188202277,
0.3149428880675258,
0.5097567434003278,
0.7954432642432823,
0.83376896677514,
0.3847893982039079,
0.39988156258597823,
0.4967826130837969,
0.5308872345948356,
0.7078279219946513,
0.5873541657178647,
0.7906371856707652,
0.3592759378399375,
0.716461417007187,
0.7270570642265766,
0.3867409669154356,
0.7778753176896067,
0.5035379560359978,
0.5671867667563306,
0.0,
0.294674021841393,
0.28331572812241523,
0.4719269864813745,
0.5876735328680524,
0.46047103856532534,
0.4236281214839301,
0.4351126524447915,
0.1940125615318345,
0.41901032645522573,
0.6152147852977907,
0.7379505700905353,
0.7168236053710026,
0.4762171329883841,
0.1773903814625573,
0.48350391628337797,
0.9340734399993518,
0.47611096236740297,
0.15040456094833593,
0.3200865772425341,
0.4271227482307006,
0.5777746071852545,
0.5645919339052318,
0.7859692204369618,
0.5111218155037149,
