0.4752136270568643,
0.1445598735332874,
0.4156184895091237,
0.5028222223484371,
0.48317824491549044,
0.10129714678824503,
0.0750663335826802,
0.3053218824229952,
0.5957059828097941,
0.41087683222579996,
0.2482417937981242,
0.35828024088566124,
0.6347445915363337,
0.13857127118287188,
0.3291739504007651,
0.0,
0.1282320195483854,
0.14832860813659748,
0.445071977867062,
0.09119662720194152,
0.12404592049796362,
0.21086597418272437,
0.4291710358589034,
0.3161929187844118,
0.7301726945213858,
0.1857959100283663,
0.28460835846937077,
0.32536402953857774,
0.45379422993547447,
0.3337666645900282,
0.4074836752006357,
0.32943614183700054,
0.42856339070208593,
0.18954389593159895,
0.6886643140499548,
0.23930195818618077,
0.2383316376827457,
0.41271260639974694,
0.19705116334454736,
0.4683490709012892,
0.19132077986084464,
0.13201747987267376,
0.26302305613648774,
0.34971900898472336,
0.38708781806515274,
0.039801082686280964,
0.4294703743727877,
0.12265788293535407,
0.25485322760913565,
0.16881295296961935,
0.2577761454444942,
0.0,
0.3461015694054992,
0.5399981323505822,
0.15663158237996253,
0.5272291092654469,
0.21396236166803445,
0.28571013433143605,
0.31974779928047153,
0.3871106938914224,
0.627064398029543,
0.1339903474623952,
0.03595797302604531,
0.6295793913943828,
0.19992008389745763,
0.0,
0.5119376100553523,
0.16219650767076108,
0.40589317970601946,
0.29373838508940087,
0.29513878092107304,
0.3782445770392602,
0.0,
0.26535079642538667,
0.21469714483983976,
0.47763312102831873,
0.33869449199233803,
0.338348686800764,
0.3615473823992358,
0.5152574857798071,
0.4149693034990414,
0.34678625380457273,
0.30671433648727836,
0.43333122327215245,
0.16600853694172152,
0.05877276221304367,
0.0013212331901592544,
0.02767406649448101,
0.30593603500406946,
0.4147460423649675,
0.24757499709247044,
0.49016163042885136,
0.2661628715835168,
0.0,
0.0,
0.3949402269241351,
0.3174771071796594,
0.39339525127748626,
0.3831718023621472,
0.47180182362442136,
