0.4752136270568643,
0.1445598735332874,
0.4156184895091237,
0.5028222223484371,
0.48317824491549044,
0.10129714678824503,
0.0750663335826802,
0.3053218824229952,
0.5957059828097941,
0.41087683222579996,
0.2482417937981242,
0.35828024088566124,
0.6347445915363337,
0.13857127118287188,
0.3291739504007651,
0.0,
0.1282320195483854,
0.14832860813659748,
0.445071977867062,
0.09119662720194152,
0.12404592049796362,
0.21086597418272437,
0.4291710358589034,
0.3161929187844118,
0.7301726945213858,
0.1857959100283663,
0.28460835846937077,
0.32536402953857774,
0.45379422993547447,
0.3337666645900282,
0.4074836752006357,
0.32943614183700054,
0.42856339070208593,
0.18954389593159895,
0.6886643140499548,
0.23930195818618077,
0.2383316376827457,
0.41271260639974694,
0.19705116334454736,
0.4683490709012892,
