1,0.4839023102823324,
2,0.663218826000548,
3,0.8257851629753036,
4,0.6454453223229581,
5,0.5816351199991392,
6,0.8542363861493198,
7,0.8516044837513687,
8,0.9742323717862464,
9,0.874253088630466,
10,0.9117725624754796,
11,0.39364115708594005,
12,0.6582954707092975,
13,0.6302192209171378,
14,0.6509493522600487,
15,0.9885921179516239,
16,0.23980378457338447,
17,0.9088898564139586,
18,0.46830419270704055,
19,0.9343721065188445,
20,0.912642840086542,
21,0.5725374306321902,
22,0.926696452299845,
23,0.37982330848406465,
24,0.881315361719329,
25,0.769025605722715,
26,0.6854067255122251,
27,0.6971442438866262,
28,0.7357474527182533,
29,0.8804742006626043,
30,0.9101394575094182,
31,0.94939911848863,
32,0.7152188643902387,
33,0.5692610109169625,
34,0.8114838701944602,
35,0.506861471506002,
36,0.08732839299387563,
37,0.4921294730283692,
38,0.7630570657197098,
39,0.9861948100366055,
40,0.46924903167180027,
41,0.9845150866675456,
42,0.9015979563949464,
43,0.7909245729498473,
44,0.819313210305816,
45,0.9304570856159136,
46,0.9832512410960383,
47,0.5040645171867351,
48,0.6210420914183196,
49,0.9077292673758839,
50,0.4034953435723431,
51,0.9698148277994052,
52,0.7556251841434479,
53,0.9265655788287549,
54,0.1999081494346031,
55,0.8600408740065706,
56,0.9326050479023812,
57,0.6414638375730957,
58,0.9946520539412569,
59,0.6247429877936063,
60,0.6669693321177886,
61,0.5693148968413825,
62,0.44798329299616607,
63,0.6306644263423293,
64,0.886993446598383,
65,0.8646023062147689,
66,0.7889953917401925,
67,0.6152251533086455,
68,0.9897362548680403,
69,0.8967029341408858,
70,0.5894427026133842,
71,0.6728829600250446,
72,0.8401095537163044,
73,0.9572925228953776,
74,0.6952403096932317,
75,0.7202181434099162,
76,0.7463083442776091,
77,0.693860801090205,
78,0.8747108622983394,
79,0.9325223533945037,
80,0.984546337778077,
81,0.45282195190487223,
82,0.651159529591282,
83,0.7243868148916419,
84,0.8415041987589646,
85,0.9501086715675037,
86,0.7789076192533068,
87,0.8083929570225054,
88,0.7420961799832521,
89,0.6562473410039487,
90,0.5045261185531305,
91,0.965242877453653,
92,0.37815176027748587,
93,0.8798128040395661,
94,0.880757680022187,
95,0.8513444367893281,
96,0.49529113678544034,
97,0.9934260581674803,
98,0.7562625667352425,
99,0.777234871295152,
100,0.7709996702059682

