0.4839023102823324,
0.663218826000548,
0.8257851629753036,
0.6454453223229581,
0.5816351199991392,
0.8542363861493198,
0.8516044837513687,
0.9742323717862464,
0.874253088630466,
0.9117725624754796,
0.39364115708594005,
0.6582954707092975,
0.6302192209171378,
0.6509493522600487,
0.9885921179516239,
0.23980378457338447,
0.9088898564139586,
0.46830419270704055,
0.9343721065188445,
0.912642840086542,
0.5725374306321902,
0.926696452299845,
0.37982330848406465,
0.881315361719329,
0.769025605722715,
0.6854067255122251,
0.6971442438866262,
0.7357474527182533,
0.8804742006626043,
0.9101394575094182,
0.94939911848863,
0.7152188643902387,
0.5692610109169625,
0.8114838701944602,
0.506861471506002,
0.08732839299387563,
0.4921294730283692,
0.7630570657197098,
0.9861948100366055,
0.46924903167180027,
0.9845150866675456,
0.9015979563949464,
0.7909245729498473,
0.819313210305816,
0.9304570856159136,
0.9832512410960383,
0.5040645171867351,
0.6210420914183196,
0.9077292673758839,
0.4034953435723431,
0.9698148277994052,
0.7556251841434479,
0.9265655788287549,
0.1999081494346031,
0.8600408740065706,
0.9326050479023812,
0.6414638375730957,
0.9946520539412569,
0.6247429877936063,
0.6669693321177886,
0.5693148968413825,
0.44798329299616607,
0.6306644263423293,
0.886993446598383,
0.8646023062147689,
0.7889953917401925,
0.6152251533086455,
0.9897362548680403,
0.8967029341408858,
0.5894427026133842,
0.6728829600250446,
0.8401095537163044,
0.9572925228953776,
0.6952403096932317,
0.7202181434099162,
0.7463083442776091,
0.693860801090205,
0.8747108622983394,
0.9325223533945037,
0.984546337778077,
0.45282195190487223,
0.651159529591282,
0.7243868148916419,
0.8415041987589646,
0.9501086715675037,
0.7789076192533068,
0.8083929570225054,
0.7420961799832521,
0.6562473410039487,
0.5045261185531305,
0.965242877453653,
0.37815176027748587,
0.8798128040395661,
0.880757680022187,
0.8513444367893281,
0.49529113678544034,
0.9934260581674803,
0.7562625667352425,
0.777234871295152,
0.7709996702059682

