1,0.4839023102823324,
2,0.663218826000548,
3,0.8257851629753036,
4,0.6454453223229581,
5,0.5816351199991392,
6,0.8542363861493198,
7,0.8516044837513687,
8,0.9742323717862464,
9,0.874253088630466,
10,0.9117725624754796,
11,0.39364115708594005,
12,0.6582954707092975,
13,0.6302192209171378,
14,0.6509493522600487,
15,0.9885921179516239,
16,0.23980378457338447,
17,0.9088898564139586,
18,0.46830419270704055,
19,0.9343721065188445,
20,0.912642840086542,
21,0.5725374306321902,
22,0.926696452299845,
23,0.37982330848406465,
24,0.881315361719329,
25,0.769025605722715,
26,0.6854067255122251,
27,0.6971442438866262,
28,0.7357474527182533,
29,0.8804742006626043,
30,0.9101394575094182,
31,0.94939911848863,
32,0.7152188643902387,
33,0.5692610109169625,
34,0.8114838701944602,
35,0.506861471506002,
36,0.08732839299387563,
37,0.4921294730283692,
38,0.7630570657197098,
39,0.9861948100366055,
40,0.46924903167180027,
41,0.9845150866675456,
42,0.9015979563949464,
43,0.7909245729498473,
44,0.819313210305816,
45,0.9304570856159136,
46,0.9832512410960383,
47,0.5040645171867351,
48,0.6210420914183196,
49,0.9077292673758839,
50,0.4034953435723431,
51,0.9698148277994052,
52,0.7556251841434479,
53,0.9265655788287549,
54,0.1999081494346031,
55,0.8600408740065706,
56,0.9326050479023812,
57,0.6414638375730957,
58,0.9946520539412569,
59,0.6247429877936063,
60,0.6669693321177886
