0.5511950115668804,
0.7686657847878571,
0.6653814290282932,
0.5961385376451376,
0.28450828151669233,
0.6802318043841005,
0.8634666247720671,
0.6631445908111059,
0.7812428334582605,
0.6673736820118844,
0.8651885877714716,
0.8036062243902221,
0.8922134547894289,
0.8426301007846899,
0.8883596820088184,
0.8954773172065192,
0.7091172826449021,
0.6297082432169082,
0.45292153538412927,
1.0,
0.8301169822149073,
0.6199861138510501,
0.9200468008173105,
0.7026224854676926,
0.8185184278982073,
0.5518187694746599,
0.7301567418801077,
0.9043715039074058,
0.6801345904653537,
0.8175502951930934,
0.9056677746484586,
0.4278451461588914,
0.5898063547920415,
0.7105880952317574,
0.8188366380009598,
0.6554352704968734,
0.9918801912954991,
0.4227180757588907,
0.7767406927687864,
0.8634709149040274,
