0.5511950115668804,
0.7686657847878571,
0.6653814290282932,
0.5961385376451376,
0.28450828151669233,
0.6802318043841005,
0.8634666247720671,
0.6631445908111059,
0.7812428334582605,
0.6673736820118844,
0.8651885877714716,
0.8036062243902221,
0.8922134547894289,
0.8426301007846899,
0.8883596820088184,
0.8954773172065192,
0.7091172826449021,
0.6297082432169082,
0.45292153538412927,
1.0,
0.8301169822149073,
0.6199861138510501,
0.9200468008173105,
0.7026224854676926,
0.8185184278982073,
0.5518187694746599,
0.7301567418801077,
0.9043715039074058,
0.6801345904653537,
0.8175502951930934,
0.9056677746484586,
0.4278451461588914,
0.5898063547920415,
0.7105880952317574,
0.8188366380009598,
0.6554352704968734,
0.9918801912954991,
0.4227180757588907,
0.7767406927687864,
0.8634709149040274,
0.8474077456973703,
0.6317071552324299,
0.7522544414140745,
0.874920199684169,
0.39512845097255656,
0.5629261999961871,
0.5651812720682972,
0.5749956174019398,
1.0,
0.7791679817469095,
0.7303040067595719,
0.5450693341284933,
0.5795376211506454,
0.6613086123213151,
0.7078726761338091,
0.46689197461720056,
0.6658002268461864,
0.9136879825136294,
0.8233740974179894,
0.8370750498588462,
0.5430575379055685,
0.7600645765010466,
0.8797956235695452,
0.5504123147628656,
0.9328861578332942,
0.712300701721249,
0.631673267913897,
0.8040480917978137,
0.9095731750036729,
0.6658065912722485,
0.7499780320875017,
0.3697408873623172,
0.552117329040093,
0.8116831383762757,
0.7809685812213727,
0.7734132100981744,
0.6398798354111571,
0.6620069768594898,
0.7639383021477006,
0.6000272367664973,
