0.6154923612746162,
0.7291398948089953,
0.8190167175660807,
0.5311867675914842,
0.6663919865804968,
0.5813277695042639,
0.06467511911086771,
0.45552103892492357,
0.8214054596512728,
0.7721896175632128,
0.27184886370894884,
0.44166703494793236,
0.9489265680549881,
0.10459782353449976,
0.3047620395513031,
0.8549990442055665,
0.1614707345165245,
0.6676511223819953,
0.6173036308658695,
0.2599136323536003,
0.5779359018628472,
0.28909342717061287,
0.7318205708462988,
0.225669501853423,
0.3128244996961117,
0.3290524205411033,
0.5715712415011955,
0.8570870750199044,
0.800024023054843,
0.28759245534835015,
0.666768314719764,
0.7210497188591206,
0.5189516776296649,
0.5933995713259089,
0.7282952112096758,
0.5661173627578486,
0.23711127668525694,
0.47361374339648554,
0.4678922745120879,
0.1571179129883199,
0.5682420493836292,
0.7428281219957076,
0.38940523298647106,
0.35652576359322813,
0.4442583556362841,
0.4600451088160733,
0.45922137192394463,
0.3335924300787089,
0.6054901808967621,
0.6068031920030276,
0.5295832429496752,
0.4550877005506999,
0.797939760169616,
0.7963867752660523,
0.21470204137794263,
0.7915173266664126,
1.0,
0.4062122008868303,
0.8097822606691594,
0.5408257636572045,
0.7902251158329354,
0.43517387143812747,
0.23104994743188462,
0.30351303951547615,
0.45003538889789857,
0.6335709197675669,
0.3032521620315616,
0.5210160360974789,
0.4652787731808888,
0.6662893803680638,
0.5458046441601423,
0.2519118517648522,
0.3920879972424437,
0.5942779167486398,
0.579132358727448,
0.7789137469445152,
0.6831182602616823,
0.29398919823128633,
0.2146975023108464,
0.11216257538264107,
0.4117182855416191,
0.531303870407102,
0.8132453883808297,
0.7747449003168212,
0.45509966449302797,
0.6685525596353028,
0.6361435707247197,
0.3990078536011932,
0.7572633696949873,
0.4879648030560579,
0.6838728059255226,
0.4168225956964984,
0.5314467521844363,
0.7248733863932694,
0.7732602109095703,
0.8154398795072275,
0.8152805852368536,
0.2661759105410073,
0.2610572194692319,
0.3765333686472493,
