0.6154923612746162,
0.7291398948089953,
0.8190167175660807,
0.5311867675914842,
0.6663919865804968,
0.5813277695042639,
0.06467511911086771,
0.45552103892492357,
0.8214054596512728,
0.7721896175632128,
0.27184886370894884,
0.44166703494793236,
0.9489265680549881,
0.10459782353449976,
0.3047620395513031,
0.8549990442055665,
0.1614707345165245,
0.6676511223819953,
0.6173036308658695,
0.2599136323536003,
0.5779359018628472,
0.28909342717061287,
0.7318205708462988,
0.225669501853423,
0.3128244996961117,
0.3290524205411033,
0.5715712415011955,
0.8570870750199044,
0.800024023054843,
0.28759245534835015,
0.666768314719764,
0.7210497188591206,
0.5189516776296649,
0.5933995713259089,
0.7282952112096758,
0.5661173627578486,
0.23711127668525694,
0.47361374339648554,
0.4678922745120879,
0.1571179129883199,
