0.5015278469213945,
0.5360265965899337,
0.261467771894641,
0.8480633282977716,
0.0,
0.6116095660962723,
0.7553953076387927,
0.93594013968507,
0.24013316411038027,
0.45174775114064536,
0.24875259239625236,
0.18779837058822602,
0.6012934867795597,
0.6862714932130203,
0.6127366504945224,
0.6160050151226651,
0.3205443342943949,
0.5376619184695592,
0.4281190028185615,
0.43715305917019237,
0.33235854434260736,
0.2902671898173099,
0.40051507277287984,
0.7512441989027763,
0.2215980331688966,
0.6262129600086472,
0.071625065882443,
0.3876897053748806,
0.5192673694873828,
0.47652583521824354,
0.2932636753010495,
0.5774500805503233,
0.5690155586323398,
0.8107906203811766,
0.4048770218123437,
0.08719647252321383,
0.33966331082429857,
0.4861269550775191,
0.6795205024302579,
0.5756216311816976,
