0.5015278469213945,
0.5360265965899337,
0.261467771894641,
0.8480633282977716,
0.0,
0.6116095660962723,
0.7553953076387927,
0.93594013968507,
0.24013316411038027,
0.45174775114064536,
0.24875259239625236,
0.18779837058822602,
0.6012934867795597,
0.6862714932130203,
0.6127366504945224,
0.6160050151226651,
0.3205443342943949,
0.5376619184695592,
0.4281190028185615,
0.43715305917019237,
0.33235854434260736,
0.2902671898173099,
0.40051507277287984,
0.7512441989027763,
0.2215980331688966,
0.6262129600086472,
0.071625065882443,
0.3876897053748806,
0.5192673694873828,
0.47652583521824354,
0.2932636753010495,
0.5774500805503233,
0.5690155586323398,
0.8107906203811766,
0.4048770218123437,
0.08719647252321383,
0.33966331082429857,
0.4861269550775191,
0.6795205024302579,
0.5756216311816976,
0.5711587757625046,
0.13171848161320387,
0.6818112886608728,
0.8567209466521201,
0.2859623624978601,
1.0,
0.42650768792206134,
0.5891062441496657,
0.45226966921404665,
0.1876345779352966,
0.5176815425804987,
0.7697920285150658,
0.43333120261090885,
0.4640074108066447,
0.40968976324059525,
0.5492347412727083,
0.33467558719866985,
0.4648612743411737,
0.24960625020230326,
0.7676306184701214,
0.6359975773033669,
0.5205871948833092,
0.7539050799128051,
0.4655471180703251,
0.23057143666906793,
0.5116626912307339,
0.4362270202896631,
0.6345655058128294,
0.7588357705319426,
0.37516019958388264,
0.4453399006104915,
0.25619053573671513,
0.5314577087541806,
0.5507111637479756,
0.3461730537407575,
0.263390369248791,
0.4348142682189388,
0.2715679128346381,
0.32306083407465336,
0.0,
