0.02654594850214681,
0.09582306578058494,
0.24907299880243297,
0.0,
0.3393979676433419,
0.12828021663872022,
0.4128269980140295,
0.37066426740343206,
0.13091780512433238,
0.17181320874882774,
0.052530402788306396,
0.2853316391482345,
0.27780414140889065,
0.0,
0.22648359629979498,
0.44338319278204386,
0.21884080400965605,
0.10603062747342754,
0.49093056968340987,
0.46365130705226076,
0.6961040801316202,
0.19013421300775307,
0.4892145882089249,
0.42094012185289237,
0.6128933630619189,
0.26246256038638544,
0.19012669208583916,
0.32681245625568267,
0.2791275013613995,
0.23307954763395428,
0.4097675271015762,
0.3489542712064899,
0.08702364202820217,
0.0,
0.137359797336785,
0.03140983866277347,
0.14738624794809457,
0.40827614442257987,
0.15779141535396904,
0.598089968690323,
0.2285930302834461,
0.461714808648185,
0.19843688297016482,
0.0,
0.4199379090401147,
0.14353148778907565,
0.17956448248093815,
0.12078473344395091,
0.39930492853475064,
0.36492110679406264,
0.009086283620191982,
0.6347352245351205,
0.13074992263710228,
0.39315391719810094,
0.120691508186753,
0.14684364197165053,
0.7691831614383391,
0.20149530312562713,
0.35812095849808645,
0.27920298430475715,
0.4950463806352658,
0.2031096245705803,
0.4925118413520584,
0.07069860915339204,
0.5402661362299068,
0.44635806040076065,
0.32564673944622363,
0.1860162565195324,
0.1770130905946367,
0.20295655552598796,
0.3150487872788247,
0.3402623059269334,
0.3978718196722291,
0.02852636326236685,
0.2608248750652705,
0.17579069599388011,
0.0,
0.23372318644343593,
0.20853777672814175,
0.5018843625958486,
0.2776619013191044,
0.21016382388367721,
0.641098370752038,
0.1381369055916855,
0.5096516101273513,
0.3202993310602913,
0.035991247904850365,
0.13976117474315464,
0.18720748398465717,
0.4089714286071368,
0.3649452900285116,
0.2520279825707209,
0.10309116112141431,
0.29279248924262,
0.07781896917900305,
0.026330812154704508,
0.13553855171683998,
0.30691187431471684,
0.1145514131865632,
0.0,
