0.02654594850214681,
0.09582306578058494,
0.24907299880243297,
0.0,
0.3393979676433419,
0.12828021663872022,
0.4128269980140295,
0.37066426740343206,
0.13091780512433238,
0.17181320874882774,
0.052530402788306396,
0.2853316391482345,
0.27780414140889065,
0.0,
0.22648359629979498,
0.44338319278204386,
0.21884080400965605,
0.10603062747342754,
0.49093056968340987,
0.46365130705226076,
0.6961040801316202,
0.19013421300775307,
0.4892145882089249,
0.42094012185289237,
0.6128933630619189,
0.26246256038638544,
0.19012669208583916,
0.32681245625568267,
0.2791275013613995,
0.23307954763395428,
0.4097675271015762,
0.3489542712064899,
0.08702364202820217,
0.0,
0.137359797336785,
0.03140983866277347,
0.14738624794809457,
0.40827614442257987,
0.15779141535396904,
0.598089968690323,
