0.7664112933316934,
0.7506568486656037,
0.9002989621429112,
0.7575019339220128,
0.8121747339764376,
0.46323649777083253,
0.5629307191460013,
0.49843008715751724,
0.2882511798028422,
0.9892136387770311,
0.7817384798525827,
0.9573480894151516,
0.6237046710426016,
0.6716650708940053,
0.40733938194672714,
0.629093162875197,
0.8952103877605654,
0.9411756785577496,
0.9934308835122343,
0.7081410869485589,
0.41437102005237386,
0.7222368355349406,
0.36678900138563936,
0.9461834817426978,
0.5833527530863402,
0.8355928749758468,
0.7888397948366963,
0.855899805322714,
1.0,
0.7239734893370493,
0.5390703853348189,
0.6701823523505704,
0.7812265192105129,
0.27555537991484674,
0.998368420466874,
0.5307378026524712,
0.7679554752139985,
0.8378876339738681,
0.4713667262230029,
0.767449792345074,
0.7063768985361085,
0.4059224124068615,
0.7128793819900743,
0.8030880282865929,
0.6999198823837715,
1.0,
0.7620743298589103,
0.4893721000461374,
0.5103935789237123,
0.8411444110147743,
0.7232251667369961,
0.7292097148013228,
0.5892801747575843,
0.9895826215176577,
0.5990328504708523,
0.6702788148356368,
0.5903355037615932,
0.7938408128747999,
0.579768290946858,
0.535686199361949,
0.735333716952093,
0.674148682121624,
0.8992545522051785,
0.9497677687466181,
0.8810484076116065,
0.9082235921652196,
0.7240288741244297,
0.9523711061892193,
0.8172864172604462,
0.41645862266760897,
0.43956317017080254,
0.947291584811973,
1.0,
0.6364465009869283,
0.5250599762329086,
0.7547928894216374,
0.616198168538173,
0.5427281447018969,
0.8344219297136037,
0.9606563094157181,
0.4892515695212767,
0.7728546872177473,
0.7984901570800891,
0.6085768026549127,
0.3628692787837854,
1.0,
0.8908425811330928,
0.6097996200833553,
0.5062648224494524,
0.7165363041009749,
0.8301088810770894,
0.7280036944715127,
0.44081894884476525,
0.81746107829519,
0.8225871854785481,
0.7260695538244146,
1.0,
0.8024307788885688,
0.7269016755389851,
0.6906081164265708,
