0.7664112933316934,
0.7506568486656037,
0.9002989621429112,
0.7575019339220128,
0.8121747339764376,
0.46323649777083253,
0.5629307191460013,
0.49843008715751724,
0.2882511798028422,
0.9892136387770311,
0.7817384798525827,
0.9573480894151516,
0.6237046710426016,
0.6716650708940053,
0.40733938194672714,
0.629093162875197,
0.8952103877605654,
0.9411756785577496,
0.9934308835122343,
0.7081410869485589,
0.41437102005237386,
0.7222368355349406,
0.36678900138563936,
0.9461834817426978,
0.5833527530863402,
0.8355928749758468,
0.7888397948366963,
0.855899805322714,
1.0,
0.7239734893370493,
0.5390703853348189,
0.6701823523505704,
0.7812265192105129,
0.27555537991484674,
0.998368420466874,
0.5307378026524712,
0.7679554752139985,
0.8378876339738681,
0.4713667262230029,
0.767449792345074,
