0.7073977762125092,
0.45912275630298527,
0.40532860045384633,
0.38543572445882024,
0.4053035011446537,
1.0,
0.38170440339050626,
0.689742436926741,
0.20543960890678759,
0.6210053699852947,
0.47299308154491015,
0.6604582780999076,
0.3223587110792695,
0.5565748166582862,
0.4059216920044483,
0.6352113002600135,
0.5924458489779567,
0.4513783781963303,
0.3252118495985171,
0.175991100603843,
0.610143775369614,
0.7923523291377385,
0.5561113095847443,
0.7137440105888659,
0.26561272272987935,
0.3261292618260716,
0.2557142754659467,
0.939963757173051,
0.5672104994486664,
0.1886034769311728,
0.5377569420681914,
0.2046743716766794,
0.5757875758398513,
0.4760160752882506,
0.5242665221175362,
0.38274602532095436,
0.6129350044543713,
0.44842258652559275,
0.29700881054235884,
0.6806145810957792,
