0.7073977762125092,
0.45912275630298527,
0.40532860045384633,
0.38543572445882024,
0.4053035011446537,
1.0,
0.38170440339050626,
0.689742436926741,
0.20543960890678759,
0.6210053699852947,
0.47299308154491015,
0.6604582780999076,
0.3223587110792695,
0.5565748166582862,
0.4059216920044483,
0.6352113002600135,
0.5924458489779567,
0.4513783781963303,
0.3252118495985171,
0.175991100603843,
0.610143775369614,
0.7923523291377385,
0.5561113095847443,
0.7137440105888659,
0.26561272272987935,
0.3261292618260716,
0.2557142754659467,
0.939963757173051,
0.5672104994486664,
0.1886034769311728,
0.5377569420681914,
0.2046743716766794,
0.5757875758398513,
0.4760160752882506,
0.5242665221175362,
0.38274602532095436,
0.6129350044543713,
0.44842258652559275,
0.29700881054235884,
0.6806145810957792,
0.5787969655226772,
0.6040040030605851,
0.5247092276171467,
0.6483700855023536,
0.29513356699268667,
0.6583345184141618,
0.6671867999573846,
0.616528005805325,
0.5930997247199862,
0.6383726741037596,
0.58307239978485,
0.5685948516158594,
0.5892765542252009,
0.4901838352929671,
0.6410916829344185,
0.710019531010619,
0.5276585434569815,
0.6326876543023239,
0.19592143004603996,
0.44984617535722404,
