0.45807618510031467,
0.5007833013214488,
0.1755725302190318,
0.39981208236049504,
0.22364448460978203,
0.5670919729872508,
0.5609578301799367,
0.7213330728294874,
0.2257822038634792,
0.8386823865720616,
0.3709501457691634,
0.6499932635644691,
0.17940130409053334,
0.010649029564538504,
0.5177629496424113,
0.510395071498622,
0.3537925621186301,
0.6162115247688132,
1.0,
0.2650610543750347,
0.6515761282060699,
0.0,
0.39106969754972487,
0.5418481516066193,
0.44011523807670827,
0.403376408211872,
0.4687976227501323,
0.9238544990896103,
0.47723299861482726,
0.411246476173268,
0.3294923891731118,
0.6804943917869637,
0.7366693313748067,
0.7346669508088685,
0.3917998004286948,
0.737834967503902,
0.4053851565601987,
0.7304514395842837,
0.5581339521015222,
0.7624327825796292,
0.756672741464972,
0.3647510886198362,
0.42356478822339494,
0.2636410453867914,
0.5782374689478524,
0.6007100358157602,
0.7916784551891797,
0.2457790331970242,
0.37838070489692865,
0.4488827347451708,
0.6882401098403744,
0.22707978101341536,
0.41909263298653926,
0.39533858493130003,
0.6428697795972038,
0.5563022432595006,
0.7352738819232064,
0.5952607815897416,
0.7633626325860586,
0.5800111453875694,
0.18916391377513908,
0.48997655753282343,
0.785011721753391,
0.4608587591341893,
0.17022435600807445,
0.33564290821376425,
0.8431940190751523,
0.35971434650984696,
0.4737388379252626,
0.9277607511721793,
0.5003926628637629,
0.6419599620704178,
0.6781174056255137,
0.1579970695751043,
0.5048718944208657,
0.3915707511445868,
0.5936179859863215,
0.38180481276984224,
0.5568723603123802,
0.5488599860897109,
0.4658757771432736,
0.6036836757926279,
0.5599823531811814,
0.28481752899095797,
0.5688360154542532,
0.48062200497308166,
0.37279332799092524,
0.7835564700384399,
0.4966725004125964,
0.34700837768525483,
0.2272765150039353,
0.5652459841433488,
0.5307781571240824,
0.38430810483406236,
0.5498976989382379,
0.2777121708264989,
0.1005397152320972,
0.36147924525600894,
0.6992563439002063,
0.3041425926468502,
