0.45807618510031467,
0.5007833013214488,
0.1755725302190318,
0.39981208236049504,
0.22364448460978203,
0.5670919729872508,
0.5609578301799367,
0.7213330728294874,
0.2257822038634792,
0.8386823865720616,
0.3709501457691634,
0.6499932635644691,
0.17940130409053334,
0.010649029564538504,
0.5177629496424113,
0.510395071498622,
0.3537925621186301,
0.6162115247688132,
1.0,
0.2650610543750347,
0.6515761282060699,
0.0,
0.39106969754972487,
0.5418481516066193,
0.44011523807670827,
0.403376408211872,
0.4687976227501323,
0.9238544990896103,
0.47723299861482726,
0.411246476173268,
0.3294923891731118,
0.6804943917869637,
0.7366693313748067,
0.7346669508088685,
0.3917998004286948,
0.737834967503902,
0.4053851565601987,
0.7304514395842837,
0.5581339521015222,
0.7624327825796292,
