0.08613481397534903,
0.5292536834438721,
0.6787557843185323,
0.3765263148635652,
0.5402942103524477,
0.4170838551102796,
0.1535691050299285,
0.21664800587611152,
0.7333898299553636,
0.2945488433540054,
0.49197501551348244,
0.7967735651641049,
0.19547653206830706,
0.2701344218649691,
0.23359778640580237,
0.5601518990337231,
0.6338801588661338,
0.1989541485744365,
0.15516286167353585,
0.27494386189407355,
0.32348752197251607,
0.39984697736765135,
0.027288431254925527,
0.6520239971373533,
0.39787336671086526,
0.17259150682023222,
0.2828770530601255,
0.45523874721948726,
0.1961646773251823,
0.63810029937698,
0.09323409236053098,
0.5329870028814635,
0.37289249812021397,
0.5009772594671842,
0.41948802025763166,
0.28148359741094114,
0.1840545450770086,
0.29029447502405203,
0.41025439350313336,
0.38785016034835507,
0.413255878659574,
0.6219665708669716,
0.20125303367577485,
0.43259701053345123,
0.11101349662555215,
0.31358363359217356,
0.4301950559580624,
0.40816601002728536,
0.06840291014928429,
0.36299558309187074,
0.280208522493311,
0.5877354036733488,
0.32993381457854876,
0.0,
0.5868322205678609,
0.3181414886031003,
0.5521386212655193,
0.1988180165183775,
0.2535682862780979,
0.2663449929334635,
0.5106525072618664,
0.12070649959228125,
0.3324723666088459,
0.3360514541156258,
0.4187061404639145,
0.2858693755670785,
0.38388143556379006,
0.2800091746475457,
0.17828717780788383,
0.5031100709414464,
0.11756616576993695,
0.0,
0.17755959875086527,
0.45003184976022553,
0.2746274095205229,
0.5196056859332792,
0.03606844850057467,
0.4400591603214482,
0.07592289874056332,
0.2305111643312891,
